Timestamp;ElapsedTime;ID_Subject;ID_Session;sessionNumber;ID_Test;HeadPosition_X;HeadPosition_Y;HeadPosition_Z;HeadRotation_X;HeadRotation_Y;HeadRotation_Z;HeadRotation_W;Events;FalseStart
659,49;0.0;pa010​;20250411_094227;1;TUG2;-0,4831;1,4407;2,1450;0,0552;-0,9786;0,1978;0,0084;;False
659,50;0.01;pa010​;20250411_094227;1;TUG2;-0,4861;1,4398;2,1314;0,0547;-0,9791;0,1956;0,0056;;False
659,55;0.05;pa010​;20250411_094227;1;TUG2;-0,4949;1,4386;2,0910;0,0519;-0,9805;0,1893;-0,0078;;False
659,56;0.07;pa010​;20250411_094227;1;TUG2;-0,4979;1,4388;2,0771;0,0504;-0,9811;0,1866;-0,0125;;False
659,57;0.08;pa010​;20250411_094227;1;TUG2;-0,5011;1,4396;2,0628;0,0491;-0,9820;0,1817;-0,0170;;False
659,59;0.1;pa010​;20250411_094227;1;TUG2;-0,5043;1,4410;2,0485;0,0465;-0,9826;0,1785;-0,0211;;False
659,60;0.11;pa010​;20250411_094227;1;TUG2;-0,5078;1,4440;2,0335;0,0429;-0,9833;0,1750;-0,0268;;False
659,62;0.12;pa010​;20250411_094227;1;TUG2;-0,5110;1,4452;2,0191;0,0406;-0,9847;0,1667;-0,0310;;False
659,63;0.14;pa010​;20250411_094227;1;TUG2;-0,5145;1,4480;2,0046;0,0387;-0,9847;0,1662;-0,0356;;False
659,64;0.15;pa010​;20250411_094227;1;TUG2;-0,5181;1,4510;1,9892;0,0373;-0,9855;0,1604;-0,0398;;False
659,66;0.17;pa010​;20250411_094227;1;TUG2;-0,5215;1,4532;1,9750;0,0377;-0,9855;0,1595;-0,0430;;False
659,67;0.18;pa010​;20250411_094227;1;TUG2;-0,5249;1,4553;1,9608;0,0383;-0,9857;0,1575;-0,0462;;False
659,69;0.2;pa010​;20250411_094227;1;TUG2;-0,5277;1,4568;1,9468;0,0397;-0,9858;0,1558;-0,0478;;False
659,71;0.22;pa010​;20250411_094227;1;TUG2;-0,5325;1,4612;1,9176;0,0396;-0,9867;0,1488;-0,0523;;False
659,73;0.23;pa010​;20250411_094227;1;TUG2;-0,5342;1,4631;1,9030;0,0382;-0,9871;0,1453;-0,0548;;False
659,74;0.25;pa010​;20250411_094227;1;TUG2;-0,5355;1,4647;1,8885;0,0352;-0,9875;0,1421;-0,0582;;False
659,75;0.26;pa010​;20250411_094227;1;TUG2;-0,5365;1,4664;1,8736;0,0326;-0,9877;0,1396;-0,0617;;False
659,77;0.28;pa010​;20250411_094227;1;TUG2;-0,5372;1,4681;1,8587;0,0302;-0,9878;0,1379;-0,0652;;False
659,78;0.29;pa010​;20250411_094227;1;TUG2;-0,5377;1,4706;1,8432;0,0286;-0,9880;0,1356;-0,0685;;False
659,80;0.31;pa010​;20250411_094227;1;TUG2;-0,5381;1,4731;1,8276;0,0275;-0,9885;0,1307;-0,0712;;False
659,81;0.32;pa010​;20250411_094227;1;TUG2;-0,5383;1,4752;1,8125;0,0261;-0,9889;0,1258;-0,0749;;False
659,82;0.33;pa010​;20250411_094227;1;TUG2;-0,5383;1,4770;1,7977;0,0247;-0,9890;0,1222;-0,0792;;False
659,84;0.35;pa010​;20250411_094227;1;TUG2;-0,5382;1,4785;1,7831;0,0238;-0,9890;0,1199;-0,0835;;False
659,85;0.36;pa010​;20250411_094227;1;TUG2;-0,5380;1,4800;1,7685;0,0225;-0,9889;0,1176;-0,0881;;False
659,86;0.37;pa010​;20250411_094227;1;TUG2;-0,5378;1,4809;1,7538;0,0216;-0,9887;0,1153;-0,0930;;False
659,88;0.39;pa010​;20250411_094227;1;TUG2;-0,5375;1,4815;1,7391;0,0211;-0,9885;0,1135;-0,0973;;False
659,89;0.4;pa010​;20250411_094227;1;TUG2;-0,5373;1,4817;1,7245;0,0202;-0,9883;0,1122;-0,1010;;False
659,92;0.43;pa010​;20250411_094227;1;TUG2;-0,5368;1,4814;1,6948;0,0185;-0,9880;0,1100;-0,1065;;False
659,93;0.44;pa010​;20250411_094227;1;TUG2;-0,5366;1,4808;1,6798;0,0185;-0,9881;0,1081;-0,1078;;False
659,95;0.46;pa010​;20250411_094227;1;TUG2;-0,5364;1,4800;1,6649;0,0176;-0,9882;0,1062;-0,1091;;False
659,96;0.47;pa010​;20250411_094227;1;TUG2;-0,5361;1,4788;1,6502;0,0170;-0,9882;0,1050;-0,1105;;False
659,98;0.49;pa010​;20250411_094227;1;TUG2;-0,5356;1,4774;1,6359;0,0167;-0,9881;0,1049;-0,1112;;False
659,99;0.5;pa010​;20250411_094227;1;TUG2;-0,5350;1,4760;1,6214;0,0165;-0,9879;0,1057;-0,1120;;False
660,00;0.51;pa010​;20250411_094227;1;TUG2;-0,5340;1,4747;1,6068;0,0157;-0,9878;0,1059;-0,1129;;False
660,02;0.53;pa010​;20250411_094227;1;TUG2;-0,5327;1,4734;1,5922;0,0153;-0,9877;0,1061;-0,1137;;False
660,03;0.54;pa010​;20250411_094227;1;TUG2;-0,5311;1,4724;1,5777;0,0156;-0,9876;0,1064;-0,1140;;False
660,05;0.55;pa010​;20250411_094227;1;TUG2;-0,5294;1,4712;1,5634;0,0160;-0,9876;0,1064;-0,1145;;False
660,06;0.57;pa010​;20250411_094227;1;TUG2;-0,5273;1,4703;1,5488;0,0155;-0,9874;0,1070;-0,1154;;False
660,07;0.58;pa010​;20250411_094227;1;TUG2;-0,5250;1,4696;1,5339;0,0151;-0,9874;0,1058;-0,1168;;False
660,09;0.6;pa010​;20250411_094227;1;TUG2;-0,5227;1,4692;1,5188;0,0152;-0,9871;0,1069;-0,1184;;False
660,10;0.61;pa010​;20250411_094227;1;TUG2;-0,5202;1,4692;1,5035;0,0154;-0,9867;0,1086;-0,1199;;False
660,11;0.62;pa010​;20250411_094227;1;TUG2;-0,5177;1,4688;1,4883;0,0161;-0,9861;0,1119;-0,1214;;False
660,13;0.64;pa010​;20250411_094227;1;TUG2;-0,5150;1,4697;1,4722;0,0166;-0,9853;0,1178;-0,1226;;False
660,14;0.65;pa010​;20250411_094227;1;TUG2;-0,5122;1,4710;1,4557;0,0173;-0,9850;0,1198;-0,1231;;False
660,16;0.67;pa010​;20250411_094227;1;TUG2;-0,5094;1,4708;1,4407;0,0173;-0,9849;0,1195;-0,1240;;False
660,17;0.68;pa010​;20250411_094227;1;TUG2;-0,5069;1,4699;1,4265;0,0152;-0,9839;0,1250;-0,1268;;False
660,18;0.69;pa010​;20250411_094227;1;TUG2;-0,5048;1,4698;1,4122;0,0119;-0,9823;0,1336;-0,1305;;False
660,20;0.71;pa010​;20250411_094227;1;TUG2;-0,5028;1,4704;1,3972;0,0111;-0,9813;0,1392;-0,1323;;False
660,21;0.72;pa010​;20250411_094227;1;TUG2;-0,5010;1,4707;1,3821;0,0112;-0,9805;0,1434;-0,1340;;False
660,23;0.73;pa010​;20250411_094227;1;TUG2;-0,4994;1,4708;1,3670;0,0120;-0,9796;0,1478;-0,1354;;False
660,24;0.75;pa010​;20250411_094227;1;TUG2;-0,4977;1,4710;1,3515;0,0130;-0,9787;0,1526;-0,1364;;False
660,25;0.76;pa010​;20250411_094227;1;TUG2;-0,4959;1,4716;1,3354;0,0133;-0,9777;0,1580;-0,1377;;False
660,27;0.78;pa010​;20250411_094227;1;TUG2;-0,4939;1,4720;1,3194;0,0140;-0,9768;0,1631;-0,1382;;False
660,28;0.79;pa010​;20250411_094227;1;TUG2;-0,4919;1,4719;1,3036;0,0139;-0,9756;0,1693;-0,1394;;False
660,30;0.8;pa010​;20250411_094227;1;TUG2;-0,4897;1,4716;1,2878;0,0130;-0,9744;0,1747;-0,1410;;False
660,31;0.82;pa010​;20250411_094227;1;TUG2;-0,4875;1,4714;1,2719;0,0120;-0,9732;0,1797;-0,1432;;False
660,32;0.83;pa010​;20250411_094227;1;TUG2;-0,4851;1,4709;1,2563;0,0112;-0,9720;0,1842;-0,1452;;False
660,34;0.85;pa010​;20250411_094227;1;TUG2;-0,4827;1,4702;1,2407;0,0106;-0,9710;0,1882;-0,1468;;False
660,35;0.86;pa010​;20250411_094227;1;TUG2;-0,4801;1,4690;1,2252;0,0098;-0,9700;0,1919;-0,1489;;False
660,36;0.87;pa010​;20250411_094227;1;TUG2;-0,4774;1,4674;1,2099;0,0087;-0,9690;0,1955;-0,1507;;False
660,38;0.89;pa010​;20250411_094227;1;TUG2;-0,4746;1,4657;1,1944;0,0070;-0,9680;0,1990;-0,1529;;False
660,39;0.9;pa010​;20250411_094227;1;TUG2;-0,4718;1,4640;1,1788;0,0045;-0,9671;0,2019;-0,1548;;False
660,41;0.92;pa010​;20250411_094227;1;TUG2;-0,4690;1,4624;1,1632;0,0017;-0,9666;0,2026;-0,1568;;False
660,42;0.93;pa010​;20250411_094227;1;TUG2;-0,4661;1,4608;1,1475;-0,0008;-0,9665;0,2018;-0,1586;;False
660,43;0.94;pa010​;20250411_094227;1;TUG2;-0,4632;1,4588;1,1321;-0,0024;-0,9666;0,2001;-0,1598;;False
660,45;0.96;pa010​;20250411_094227;1;TUG2;-0,4604;1,4562;1,1170;-0,0043;-0,9664;0,1996;-0,1617;;False
660,46;0.97;pa010​;20250411_094227;1;TUG2;-0,4575;1,4536;1,1021;-0,0066;-0,9658;0,2005;-0,1642;;False
660,48;0.98;pa010​;20250411_094227;1;TUG2;-0,4548;1,4509;1,0873;-0,0089;-0,9647;0,2028;-0,1676;;False
660,49;1.0;pa010​;20250411_094227;1;TUG2;-0,4520;1,4483;1,0725;-0,0107;-0,9635;0,2056;-0,1712;;False
660,50;1.01;pa010​;20250411_094227;1;TUG2;-0,4494;1,4458;1,0577;-0,0123;-0,9622;0,2080;-0,1751;;False
660,52;1.03;pa010​;20250411_094227;1;TUG2;-0,4469;1,4434;1,0429;-0,0138;-0,9612;0,2093;-0,1794;;False
660,53;1.04;pa010​;20250411_094227;1;TUG2;-0,4445;1,4412;1,0281;-0,0158;-0,9603;0,2092;-0,1840;;False
660,55;1.05;pa010​;20250411_094227;1;TUG2;-0,4422;1,4397;1,0132;-0,0181;-0,9592;0,2093;-0,1893;;False
660,56;1.07;pa010​;20250411_094227;1;TUG2;-0,4399;1,4384;0,9983;-0,0198;-0,9583;0,2084;-0,1944;;False
660,57;1.08;pa010​;20250411_094227;1;TUG2;-0,4378;1,4369;0,9837;-0,0211;-0,9573;0,2083;-0,1996;;False
660,59;1.1;pa010​;20250411_094227;1;TUG2;-0,4356;1,4364;0,9685;-0,0242;-0,9554;0,2104;-0,2055;;False
660,60;1.11;pa010​;20250411_094227;1;TUG2;-0,4330;1,4369;0,9529;-0,0270;-0,9543;0,2084;-0,2124;;False
660,61;1.12;pa010​;20250411_094227;1;TUG2;-0,4307;1,4361;0,9378;-0,0289;-0,9530;0,2073;-0,2190;;False
660,63;1.14;pa010​;20250411_094227;1;TUG2;-0,4283;1,4372;0,9223;-0,0330;-0,9508;0,2100;-0,2255;;False
660,64;1.15;pa010​;20250411_094227;1;TUG2;-0,4258;1,4378;0,9069;-0,0347;-0,9500;0,2062;-0,2317;;False
660,66;1.17;pa010​;20250411_094227;1;TUG2;-0,4237;1,4383;0,8919;-0,0359;-0,9487;0,2061;-0,2370;;False
660,67;1.18;pa010​;20250411_094227;1;TUG2;-0,4213;1,4389;0,8768;-0,0378;-0,9473;0,2067;-0,2420;;False
660,68;1.19;pa010​;20250411_094227;1;TUG2;-0,4186;1,4391;0,8622;-0,0373;-0,9465;0,2060;-0,2457;;False
660,70;1.21;pa010​;20250411_094227;1;TUG2;-0,4157;1,4391;0,8481;-0,0367;-0,9454;0,2083;-0,2482;;False
660,71;1.22;pa010​;20250411_094227;1;TUG2;-0,4122;1,4392;0,8343;-0,0378;-0,9439;0,2112;-0,2512;;False
660,73;1.23;pa010​;20250411_094227;1;TUG2;-0,4082;1,4393;0,8208;-0,0412;-0,9420;0,2137;-0,2556;;False
660,74;1.25;pa010​;20250411_094227;1;TUG2;-0,4037;1,4396;0,8076;-0,0455;-0,9395;0,2178;-0,2606;;False
660,75;1.26;pa010​;20250411_094227;1;TUG2;-0,3987;1,4407;0,7943;-0,0496;-0,9368;0,2227;-0,2653;;False
660,77;1.28;pa010​;20250411_094227;1;TUG2;-0,3934;1,4421;0,7811;-0,0536;-0,9346;0,2251;-0,2701;;False
660,78;1.29;pa010​;20250411_094227;1;TUG2;-0,3880;1,4434;0,7685;-0,0587;-0,9323;0,2271;-0,2751;;False
660,80;1.3;pa010​;20250411_094227;1;TUG2;-0,3825;1,4448;0,7560;-0,0635;-0,9297;0,2291;-0,2812;;False
660,81;1.32;pa010​;20250411_094227;1;TUG2;-0,3766;1,4461;0,7435;-0,0676;-0,9273;0,2300;-0,2874;;False
660,82;1.33;pa010​;20250411_094227;1;TUG2;-0,3704;1,4470;0,7314;-0,0708;-0,9252;0,2299;-0,2936;;False
660,84;1.35;pa010​;20250411_094227;1;TUG2;-0,3642;1,4477;0,7193;-0,0736;-0,9227;0,2303;-0,3005;;False
660,85;1.36;pa010​;20250411_094227;1;TUG2;-0,3577;1,4478;0,7076;-0,0767;-0,9201;0,2304;-0,3074;;False
660,87;1.37;pa010​;20250411_094227;1;TUG2;-0,3514;1,4473;0,6959;-0,0790;-0,9173;0,2312;-0,3144;;False
660,88;1.39;pa010​;20250411_094227;1;TUG2;-0,3450;1,4466;0,6846;-0,0818;-0,9145;0,2326;-0,3208;;False
660,89;1.4;pa010​;20250411_094227;1;TUG2;-0,3388;1,4457;0,6735;-0,0846;-0,9113;0,2349;-0,3274;;False
660,91;1.42;pa010​;20250411_094227;1;TUG2;-0,3324;1,4447;0,6628;-0,0877;-0,9083;0,2373;-0,3331;;False
660,92;1.43;pa010​;20250411_094227;1;TUG2;-0,3259;1,4435;0,6521;-0,0901;-0,9056;0,2387;-0,3389;;False
660,93;1.44;pa010​;20250411_094227;1;TUG2;-0,3193;1,4423;0,6415;-0,0926;-0,9027;0,2403;-0,3448;;False
660,95;1.46;pa010​;20250411_094227;1;TUG2;-0,3128;1,4411;0,6315;-0,0947;-0,9002;0,2413;-0,3499;;False
660,96;1.47;pa010​;20250411_094227;1;TUG2;-0,3060;1,4399;0,6215;-0,0966;-0,8978;0,2421;-0,3550;;False
660,98;1.49;pa010​;20250411_094227;1;TUG2;-0,2990;1,4386;0,6118;-0,0984;-0,8955;0,2422;-0,3601;;False
660,99;1.5;pa010​;20250411_094227;1;TUG2;-0,2918;1,4373;0,6022;-0,1000;-0,8937;0,2407;-0,3652;;False
661,00;1.51;pa010​;20250411_094227;1;TUG2;-0,2844;1,4358;0,5929;-0,1012;-0,8919;0,2398;-0,3699;;False
661,02;1.53;pa010​;20250411_094227;1;TUG2;-0,2768;1,4343;0,5839;-0,1024;-0,8900;0,2398;-0,3741;;False
661,03;1.54;pa010​;20250411_094227;1;TUG2;-0,2687;1,4327;0,5751;-0,1042;-0,8882;0,2398;-0,3778;;False
661,05;1.55;pa010​;20250411_094227;1;TUG2;-0,2607;1,4310;0,5664;-0,1062;-0,8864;0,2396;-0,3815;;False
661,06;1.57;pa010​;20250411_094227;1;TUG2;-0,2523;1,4294;0,5577;-0,1087;-0,8846;0,2403;-0,3845;;False
661,07;1.58;pa010​;20250411_094227;1;TUG2;-0,2436;1,4276;0,5493;-0,1112;-0,8834;0,2401;-0,3867;;False
661,09;1.6;pa010​;20250411_094227;1;TUG2;-0,2347;1,4255;0,5409;-0,1143;-0,8822;0,2395;-0,3889;;False
661,10;1.61;pa010​;20250411_094227;1;TUG2;-0,2255;1,4231;0,5331;-0,1177;-0,8814;0,2378;-0,3908;;False
661,11;1.62;pa010​;20250411_094227;1;TUG2;-0,2161;1,4214;0,5249;-0,1220;-0,8797;0,2378;-0,3934;;False
661,13;1.64;pa010​;20250411_094227;1;TUG2;-0,2066;1,4199;0,5170;-0,1246;-0,8788;0,2362;-0,3955;;False
661,14;1.65;pa010​;20250411_094227;1;TUG2;-0,1963;1,4197;0,5083;-0,1290;-0,8765;0,2387;-0,3976;;False
661,16;1.67;pa010​;20250411_094227;1;TUG2;-0,1853;1,4197;0,4995;-0,1309;-0,8761;0,2355;-0,3997;;False
661,17;1.68;pa010​;20250411_094227;1;TUG2;-0,1752;1,4181;0,4915;-0,1342;-0,8747;0,2305;-0,4046;;False
661,18;1.69;pa010​;20250411_094227;1;TUG2;-0,1661;1,4154;0,4843;-0,1401;-0,8716;0,2270;-0,4113;;False
661,20;1.71;pa010​;20250411_094227;1;TUG2;-0,1579;1,4131;0,4768;-0,1471;-0,8666;0,2278;-0,4189;;False
661,22;1.73;pa010​;20250411_094227;1;TUG2;-0,1424;1,4102;0,4612;-0,1571;-0,8570;0,2364;-0,4300;;False
661,24;1.75;pa010​;20250411_094227;1;TUG2;-0,1353;1,4099;0,4532;-0,1594;-0,8523;0,2429;-0,4349;;False
661,25;1.76;pa010​;20250411_094227;1;TUG2;-0,1284;1,4105;0,4453;-0,1611;-0,8473;0,2484;-0,4409;;False
661,27;1.78;pa010​;20250411_094227;1;TUG2;-0,1212;1,4115;0,4374;-0,1612;-0,8430;0,2510;-0,4476;;False
661,28;1.79;pa010​;20250411_094227;1;TUG2;-0,1138;1,4129;0,4295;-0,1593;-0,8395;0,2512;-0,4548;;False
661,29;1.8;pa010​;20250411_094227;1;TUG2;-0,1068;1,4144;0,4221;-0,1577;-0,8359;0,2503;-0,4623;;False
661,31;1.82;pa010​;20250411_094227;1;TUG2;-0,0999;1,4158;0,4149;-0,1589;-0,8315;0,2502;-0,4699;;False
661,32;1.83;pa010​;20250411_094227;1;TUG2;-0,0928;1,4171;0,4082;-0,1605;-0,8270;0,2499;-0,4774;;False
661,34;1.85;pa010​;20250411_094227;1;TUG2;-0,0854;1,4183;0,4020;-0,1620;-0,8226;0,2497;-0,4846;;False
661,35;1.86;pa010​;20250411_094227;1;TUG2;-0,0777;1,4192;0,3962;-0,1628;-0,8179;0,2498;-0,4921;;False
661,36;1.87;pa010​;20250411_094227;1;TUG2;-0,0699;1,4197;0,3910;-0,1640;-0,8132;0,2502;-0,4992;;False
661,38;1.89;pa010​;20250411_094227;1;TUG2;-0,0618;1,4198;0,3863;-0,1668;-0,8081;0,2500;-0,5066;;False
661,39;1.9;pa010​;20250411_094227;1;TUG2;-0,0537;1,4196;0,3820;-0,1714;-0,8022;0,2499;-0,5144;;False
661,41;1.91;pa010​;20250411_094227;1;TUG2;-0,0455;1,4190;0,3781;-0,1761;-0,7962;0,2498;-0,5221;;False
661,42;1.93;pa010​;20250411_094227;1;TUG2;-0,0372;1,4180;0,3749;-0,1812;-0,7901;0,2492;-0,5299;;False
661,43;1.94;pa010​;20250411_094227;1;TUG2;-0,0287;1,4169;0,3720;-0,1871;-0,7838;0,2481;-0,5377;;False
661,45;1.96;pa010​;20250411_094227;1;TUG2;-0,0203;1,4155;0,3690;-0,1926;-0,7770;0,2471;-0,5461;;False
661,46;1.97;pa010​;20250411_094227;1;TUG2;-0,0120;1,4138;0,3663;-0,1984;-0,7692;0,2459;-0,5555;;False
661,48;1.98;pa010​;20250411_094227;1;TUG2;-0,0037;1,4120;0,3640;-0,2043;-0,7605;0,2456;-0,5653;;False
661,49;2.0;pa010​;20250411_094227;1;TUG2;0,0043;1,4097;0,3621;-0,2091;-0,7512;0,2456;-0,5759;;False
661,50;2.01;pa010​;20250411_094227;1;TUG2;0,0123;1,4073;0,3602;-0,2144;-0,7411;0,2458;-0,5868;;False
661,52;2.03;pa010​;20250411_094227;1;TUG2;0,0201;1,4049;0,3585;-0,2195;-0,7310;0,2456;-0,5976;;False
661,53;2.04;pa010​;20250411_094227;1;TUG2;0,0277;1,4025;0,3566;-0,2250;-0,7206;0,2458;-0,6080;;False
661,54;2.05;pa010​;20250411_094227;1;TUG2;0,0352;1,3999;0,3548;-0,2304;-0,7107;0,2452;-0,6178;;False
661,56;2.07;pa010​;20250411_094227;1;TUG2;0,0423;1,3972;0,3530;-0,2363;-0,7007;0,2446;-0,6272;;False
661,57;2.08;pa010​;20250411_094227;1;TUG2;0,0495;1,3947;0,3514;-0,2439;-0,6902;0,2447;-0,6358;;False
661,59;2.09;pa010​;20250411_094227;1;TUG2;0,0570;1,3924;0,3495;-0,2504;-0,6794;0,2434;-0,6454;;False
661,60;2.11;pa010​;20250411_094227;1;TUG2;0,0649;1,3905;0,3475;-0,2560;-0,6685;0,2404;-0,6555;;False
661,61;2.12;pa010​;20250411_094227;1;TUG2;0,0728;1,3887;0,3456;-0,2596;-0,6585;0,2372;-0,6654;;False
661,63;2.14;pa010​;20250411_094227;1;TUG2;0,0806;1,3867;0,3434;-0,2629;-0,6484;0,2346;-0,6748;;False
661,64;2.15;pa010​;20250411_094227;1;TUG2;0,0880;1,3844;0,3413;-0,2672;-0,6382;0,2312;-0,6840;;False
661,66;2.17;pa010​;20250411_094227;1;TUG2;0,0952;1,3823;0,3392;-0,2730;-0,6261;0,2294;-0,6934;;False
661,67;2.18;pa010​;20250411_094227;1;TUG2;0,1022;1,3802;0,3373;-0,2786;-0,6139;0,2273;-0,7028;;False
661,68;2.19;pa010​;20250411_094227;1;TUG2;0,1091;1,3779;0,3356;-0,2838;-0,6006;0,2249;-0,7129;;False
661,70;2.21;pa010​;20250411_094227;1;TUG2;0,1162;1,3758;0,3340;-0,2890;-0,5861;0,2220;-0,7236;;False
661,71;2.22;pa010​;20250411_094227;1;TUG2;0,1242;1,3748;0,3328;-0,2958;-0,5710;0,2189;-0,7339;;False
661,72;2.23;pa010​;20250411_094227;1;TUG2;0,1314;1,3736;0,3318;-0,3003;-0,5565;0,2146;-0,7444;;False
661,74;2.25;pa010​;20250411_094227;1;TUG2;0,1375;1,3724;0,3304;-0,3048;-0,5423;0,2146;-0,7529;;False
661,75;2.26;pa010​;20250411_094227;1;TUG2;0,1435;1,3712;0,3293;-0,3098;-0,5308;0,2163;-0,7587;;False
661,77;2.28;pa010​;20250411_094227;1;TUG2;0,1492;1,3700;0,3280;-0,3152;-0,5192;0,2168;-0,7643;;False
661,78;2.29;pa010​;20250411_094227;1;TUG2;0,1546;1,3689;0,3268;-0,3217;-0,5073;0,2160;-0,7697;;False
661,79;2.3;pa010​;20250411_094227;1;TUG2;0,1600;1,3680;0,3263;-0,3289;-0,4957;0,2148;-0,7746;;False
661,81;2.32;pa010​;20250411_094227;1;TUG2;0,1650;1,3670;0,3258;-0,3343;-0,4845;0,2126;-0,7800;;False
661,82;2.33;pa010​;20250411_094227;1;TUG2;0,1696;1,3661;0,3257;-0,3396;-0,4739;0,2101;-0,7849;;False
661,84;2.35;pa010​;20250411_094227;1;TUG2;0,1737;1,3652;0,3257;-0,3448;-0,4634;0,2081;-0,7893;;False
661,85;2.36;pa010​;20250411_094227;1;TUG2;0,1774;1,3642;0,3261;-0,3502;-0,4529;0,2066;-0,7935;;False
661,86;2.37;pa010​;20250411_094227;1;TUG2;0,1807;1,3632;0,3266;-0,3550;-0,4427;0,2058;-0,7972;;False
661,88;2.39;pa010​;20250411_094227;1;TUG2;0,1835;1,3619;0,3277;-0,3598;-0,4333;0,2046;-0,8006;;False
661,89;2.4;pa010​;20250411_094227;1;TUG2;0,1859;1,3603;0,3287;-0,3642;-0,4230;0,2030;-0,8045;;False
661,91;2.42;pa010​;20250411_094227;1;TUG2;0,1874;1,3585;0,3299;-0,3690;-0,4132;0,2002;-0,8081;;False
661,92;2.43;pa010​;20250411_094227;1;TUG2;0,1884;1,3567;0,3315;-0,3751;-0,4034;0,1976;-0,8108;;False
661,93;2.44;pa010​;20250411_094227;1;TUG2;0,1888;1,3545;0,3328;-0,3813;-0,3925;0,1946;-0,8141;;False
661,95;2.46;pa010​;20250411_094227;1;TUG2;0,1889;1,3520;0,3338;-0,3884;-0,3812;0,1923;-0,8166;;False
661,96;2.47;pa010​;20250411_094227;1;TUG2;0,1886;1,3496;0,3350;-0,3956;-0,3699;0,1903;-0,8188;;False
661,98;2.48;pa010​;20250411_094227;1;TUG2;0,1881;1,3470;0,3362;-0,4013;-0,3594;0,1887;-0,8210;;False
661,99;2.5;pa010​;20250411_094227;1;TUG2;0,1874;1,3446;0,3374;-0,4057;-0,3497;0,1878;-0,8233;;False
662,00;2.51;pa010​;20250411_094227;1;TUG2;0,1865;1,3427;0,3388;-0,4093;-0,3412;0,1874;-0,8252;;False
662,02;2.53;pa010​;20250411_094227;1;TUG2;0,1855;1,3407;0,3404;-0,4118;-0,3334;0,1857;-0,8275;;False
662,03;2.54;pa010​;20250411_094227;1;TUG2;0,1844;1,3389;0,3420;-0,4135;-0,3261;0,1834;-0,8301;;False
662,04;2.55;pa010​;20250411_094227;1;TUG2;0,1828;1,3369;0,3437;-0,4153;-0,3197;0,1809;-0,8322;;False
662,06;2.57;pa010​;20250411_094227;1;TUG2;0,1811;1,3350;0,3454;-0,4174;-0,3137;0,1779;-0,8341;;False
662,07;2.58;pa010​;20250411_094227;1;TUG2;0,1793;1,3332;0,3473;-0,4198;-0,3081;0,1742;-0,8358;;False
662,09;2.59;pa010​;20250411_094227;1;TUG2;0,1775;1,3309;0,3492;-0,4207;-0,3032;0,1702;-0,8379;;False
662,10;2.61;pa010​;20250411_094227;1;TUG2;0,1756;1,3282;0,3515;-0,4201;-0,2991;0,1651;-0,8407;;False
662,11;2.62;pa010​;20250411_094227;1;TUG2;0,1736;1,3251;0,3539;-0,4190;-0,2944;0,1612;-0,8437;;False
662,13;2.64;pa010​;20250411_094227;1;TUG2;0,1715;1,3216;0,3565;-0,4175;-0,2888;0,1568;-0,8472;;False
662,14;2.65;pa010​;20250411_094227;1;TUG2;0,1691;1,3179;0,3594;-0,4166;-0,2825;0,1538;-0,8503;;False
662,16;2.66;pa010​;20250411_094227;1;TUG2;0,1661;1,3133;0,3621;-0,4149;-0,2764;0,1528;-0,8533;;False
662,17;2.68;pa010​;20250411_094227;1;TUG2;0,1631;1,3086;0,3648;-0,4149;-0,2705;0,1533;-0,8551;;False
662,18;2.69;pa010​;20250411_094227;1;TUG2;0,1604;1,3033;0,3671;-0,4154;-0,2645;0,1533;-0,8567;;False
662,20;2.71;pa010​;20250411_094227;1;TUG2;0,1580;1,2974;0,3695;-0,4165;-0,2586;0,1521;-0,8582;;False
662,21;2.72;pa010​;20250411_094227;1;TUG2;0,1556;1,2911;0,3718;-0,4158;-0,2526;0,1492;-0,8608;;False
662,23;2.73;pa010​;20250411_094227;1;TUG2;0,1532;1,2846;0,3741;-0,4150;-0,2456;0,1445;-0,8640;;False
662,24;2.75;pa010​;20250411_094227;1;TUG2;0,1509;1,2781;0,3764;-0,4153;-0,2374;0,1396;-0,8670;;False
662,25;2.76;pa010​;20250411_094227;1;TUG2;0,1484;1,2715;0,3788;-0,4144;-0,2309;0,1364;-0,8697;;False
662,27;2.78;pa010​;20250411_094227;1;TUG2;0,1462;1,2649;0,3810;-0,4119;-0,2252;0,1351;-0,8726;;False
662,28;2.79;pa010​;20250411_094227;1;TUG2;0,1442;1,2582;0,3836;-0,4080;-0,2202;0,1345;-0,8758;;False
662,29;2.8;pa010​;20250411_094227;1;TUG2;0,1422;1,2514;0,3861;-0,4026;-0,2159;0,1324;-0,8797;;False
662,31;2.82;pa010​;20250411_094227;1;TUG2;0,1404;1,2444;0,3883;-0,3957;-0,2112;0,1283;-0,8845;;False
662,32;2.83;pa010​;20250411_094227;1;TUG2;0,1384;1,2372;0,3902;-0,3878;-0,2049;0,1222;-0,8903;;False
662,34;2.85;pa010​;20250411_094227;1;TUG2;0,1363;1,2297;0,3919;-0,3788;-0,1980;0,1171;-0,8964;;False
662,35;2.86;pa010​;20250411_094227;1;TUG2;0,1341;1,2215;0,3933;-0,3692;-0,1922;0,1140;-0,9021;;False
662,36;2.87;pa010​;20250411_094227;1;TUG2;0,1321;1,2129;0,3941;-0,3611;-0,1867;0,1126;-0,9067;;False
662,38;2.89;pa010​;20250411_094227;1;TUG2;0,1300;1,2037;0,3940;-0,3541;-0,1813;0,1112;-0,9107;;False
662,39;2.9;pa010​;20250411_094227;1;TUG2;0,1279;1,1944;0,3933;-0,3505;-0,1760;0,1110;-0,9132;;False
662,41;2.91;pa010​;20250411_094227;1;TUG2;0,1261;1,1849;0,3926;-0,3510;-0,1699;0,1101;-0,9142;;False
662,42;2.93;pa010​;20250411_094227;1;TUG2;0,1243;1,1750;0,3922;-0,3486;-0,1638;0,1076;-0,9165;;False
662,43;2.94;pa010​;20250411_094227;1;TUG2;0,1231;1,1651;0,3926;-0,3444;-0,1578;0,1052;-0,9195;;False
662,45;2.96;pa010​;20250411_094227;1;TUG2;0,1221;1,1551;0,3928;-0,3354;-0,1548;0,1034;-0,9235;;False
662,46;2.97;pa010​;20250411_094227;1;TUG2;0,1211;1,1452;0,3925;-0,3264;-0,1529;0,1023;-0,9272;;False
662,47;2.98;pa010​;20250411_094227;1;TUG2;0,1200;1,1351;0,3917;-0,3183;-0,1501;0,0992;-0,9307;;False
662,49;3.0;pa010​;20250411_094227;1;TUG2;0,1184;1,1252;0,3907;-0,3110;-0,1463;0,0953;-0,9342;;False
662,50;3.01;pa010​;20250411_094227;1;TUG2;0,1166;1,1155;0,3894;-0,3036;-0,1420;0,0939;-0,9375;;False
662,52;3.03;pa010​;20250411_094227;1;TUG2;0,1148;1,1063;0,3880;-0,2982;-0,1369;0,0943;-0,9399;;False
662,53;3.04;pa010​;20250411_094227;1;TUG2;0,1132;1,0974;0,3863;-0,2920;-0,1310;0,0951;-0,9426;;False
662,54;3.05;pa010​;20250411_094227;1;TUG2;0,1120;1,0887;0,3848;-0,2854;-0,1266;0,0949;-0,9453;;False
662,56;3.07;pa010​;20250411_094227;1;TUG2;0,1112;1,0800;0,3830;-0,2776;-0,1241;0,0930;-0,9481;;False
662,57;3.08;pa010​;20250411_094227;1;TUG2;0,1104;1,0717;0,3813;-0,2695;-0,1219;0,0901;-0,9510;;False
662,59;3.09;pa010​;20250411_094227;1;TUG2;0,1095;1,0636;0,3794;-0,2613;-0,1187;0,0888;-0,9538;;False
662,60;3.11;pa010​;20250411_094227;1;TUG2;0,1082;1,0559;0,3774;-0,2514;-0,1159;0,0881;-0,9569;;False
662,61;3.12;pa010​;20250411_094227;1;TUG2;0,1068;1,0484;0,3753;-0,2432;-0,1122;0,0876;-0,9595;;False
662,63;3.14;pa010​;20250411_094227;1;TUG2;0,1056;1,0406;0,3725;-0,2364;-0,1084;0,0874;-0,9616;;False
662,64;3.15;pa010​;20250411_094227;1;TUG2;0,1045;1,0332;0,3690;-0,2326;-0,1056;0,0864;-0,9629;;False
662,66;3.16;pa010​;20250411_094227;1;TUG2;0,1040;1,0261;0,3654;-0,2312;-0,1034;0,0842;-0,9637;;False
662,67;3.18;pa010​;20250411_094227;1;TUG2;0,1034;1,0193;0,3621;-0,2283;-0,1017;0,0825;-0,9648;;False
662,68;3.19;pa010​;20250411_094227;1;TUG2;0,1029;1,0133;0,3592;-0,2236;-0,0989;0,0830;-0,9661;;False
662,70;3.21;pa010​;20250411_094227;1;TUG2;0,1026;1,0078;0,3563;-0,2171;-0,0958;0,0844;-0,9678;;False
662,71;3.22;pa010​;20250411_094227;1;TUG2;0,1025;1,0021;0,3528;-0,2087;-0,0940;0,0855;-0,9697;;False
662,73;3.24;pa010​;20250411_094227;1;TUG2;0,1023;0,9965;0,3483;-0,2066;-0,0949;0,0873;-0,9699;;False
662,74;3.25;pa010​;20250411_094227;1;TUG2;0,1023;0,9917;0,3437;-0,2081;-0,0949;0,0868;-0,9696;;False
662,75;3.26;pa010​;20250411_094227;1;TUG2;0,1025;0,9882;0,3394;-0,2102;-0,0947;0,0856;-0,9693;;False
662,77;3.28;pa010​;20250411_094227;1;TUG2;0,1021;0,9858;0,3354;-0,2074;-0,0959;0,0865;-0,9697;;False
662,78;3.29;pa010​;20250411_094227;1;TUG2;0,1018;0,9836;0,3308;-0,2042;-0,0953;0,0877;-0,9703;;False
662,80;3.3;pa010​;20250411_094227;1;TUG2;0,1013;0,9821;0,3257;-0,2027;-0,0936;0,0882;-0,9707;;False
662,81;3.32;pa010​;20250411_094227;1;TUG2;0,1010;0,9813;0,3206;-0,2013;-0,0928;0,0889;-0,9711;;False
662,82;3.33;pa010​;20250411_094227;1;TUG2;0,1007;0,9811;0,3154;-0,1990;-0,0919;0,0889;-0,9716;;False
662,84;3.35;pa010​;20250411_094227;1;TUG2;0,1002;0,9813;0,3099;-0,1959;-0,0903;0,0883;-0,9725;;False
662,85;3.36;pa010​;20250411_094227;1;TUG2;0,0998;0,9819;0,3041;-0,1914;-0,0892;0,0899;-0,9733;;False
662,86;3.37;pa010​;20250411_094227;1;TUG2;0,0992;0,9835;0,2984;-0,1892;-0,0887;0,0932;-0,9735;;False
662,88;3.39;pa010​;20250411_094227;1;TUG2;0,0988;0,9861;0,2930;-0,1852;-0,0869;0,0953;-0,9742;;False
662,89;3.4;pa010​;20250411_094227;1;TUG2;0,0986;0,9896;0,2882;-0,1790;-0,0848;0,0938;-0,9757;;False
662,91;3.41;pa010​;20250411_094227;1;TUG2;0,0987;0,9934;0,2833;-0,1720;-0,0855;0,0925;-0,9770;;False
662,92;3.43;pa010​;20250411_094227;1;TUG2;0,0987;0,9970;0,2779;-0,1680;-0,0872;0,0910;-0,9777;;False
662,93;3.44;pa010​;20250411_094227;1;TUG2;0,0983;1,0007;0,2722;-0,1659;-0,0897;0,0911;-0,9778;;False
662,95;3.46;pa010​;20250411_094227;1;TUG2;0,0977;1,0049;0,2665;-0,1648;-0,0915;0,0920;-0,9778;;False
662,96;3.47;pa010​;20250411_094227;1;TUG2;0,0967;1,0096;0,2606;-0,1632;-0,0915;0,0920;-0,9780;;False
662,97;3.48;pa010​;20250411_094227;1;TUG2;0,0952;1,0148;0,2540;-0,1607;-0,0901;0,0911;-0,9786;;False
662,99;3.5;pa010​;20250411_094227;1;TUG2;0,0937;1,0204;0,2470;-0,1568;-0,0881;0,0907;-0,9795;;False
663,00;3.51;pa010​;20250411_094227;1;TUG2;0,0920;1,0265;0,2395;-0,1516;-0,0858;0,0908;-0,9805;;False
663,02;3.53;pa010​;20250411_094227;1;TUG2;0,0903;1,0330;0,2315;-0,1453;-0,0832;0,0914;-0,9816;;False
663,03;3.54;pa010​;20250411_094227;1;TUG2;0,0885;1,0394;0,2231;-0,1380;-0,0818;0,0918;-0,9828;;False
663,04;3.55;pa010​;20250411_094227;1;TUG2;0,0866;1,0460;0,2141;-0,1300;-0,0815;0,0915;-0,9839;;False
663,06;3.57;pa010​;20250411_094227;1;TUG2;0,0847;1,0522;0,2048;-0,1216;-0,0808;0,0906;-0,9851;;False
663,07;3.58;pa010​;20250411_094227;1;TUG2;0,0826;1,0582;0,1950;-0,1132;-0,0807;0,0887;-0,9863;;False
663,09;3.59;pa010​;20250411_094227;1;TUG2;0,0803;1,0639;0,1846;-0,1051;-0,0815;0,0861;-0,9874;;False
663,10;3.61;pa010​;20250411_094227;1;TUG2;0,0782;1,0692;0,1738;-0,0978;-0,0825;0,0833;-0,9883;;False
663,11;3.62;pa010​;20250411_094227;1;TUG2;0,0756;1,0741;0,1625;-0,0903;-0,0838;0,0804;-0,9891;;False
663,13;3.64;pa010​;20250411_094227;1;TUG2;0,0730;1,0789;0,1511;-0,0845;-0,0845;0,0789;-0,9897;;False
663,14;3.65;pa010​;20250411_094227;1;TUG2;0,0702;1,0836;0,1395;-0,0786;-0,0849;0,0779;-0,9902;;False
663,16;3.67;pa010​;20250411_094227;1;TUG2;0,0670;1,0882;0,1279;-0,0724;-0,0842;0,0775;-0,9908;;False
663,17;3.68;pa010​;20250411_094227;1;TUG2;0,0635;1,0925;0,1161;-0,0661;-0,0831;0,0772;-0,9913;;False
663,18;3.69;pa010​;20250411_094227;1;TUG2;0,0599;1,0967;0,1046;-0,0607;-0,0807;0,0765;-0,9919;;False
663,20;3.71;pa010​;20250411_094227;1;TUG2;0,0562;1,1010;0,0932;-0,0547;-0,0778;0,0731;-0,9928;;False
663,21;3.72;pa010​;20250411_094227;1;TUG2;0,0527;1,1053;0,0818;-0,0490;-0,0763;0,0707;-0,9934;;False
663,22;3.73;pa010​;20250411_094227;1;TUG2;0,0491;1,1092;0,0702;-0,0443;-0,0751;0,0682;-0,9939;;False
663,24;3.75;pa010​;20250411_094227;1;TUG2;0,0457;1,1131;0,0586;-0,0415;-0,0743;0,0662;-0,9942;;False
663,25;3.76;pa010​;20250411_094227;1;TUG2;0,0424;1,1169;0,0469;-0,0383;-0,0737;0,0652;-0,9944;;False
663,27;3.78;pa010​;20250411_094227;1;TUG2;0,0391;1,1206;0,0352;-0,0346;-0,0731;0,0636;-0,9947;;False
663,28;3.79;pa010​;20250411_094227;1;TUG2;0,0359;1,1242;0,0236;-0,0310;-0,0720;0,0619;-0,9950;;False
663,29;3.8;pa010​;20250411_094227;1;TUG2;0,0327;1,1277;0,0121;-0,0262;-0,0711;0,0599;-0,9953;;False
663,31;3.82;pa010​;20250411_094227;1;TUG2;0,0294;1,1312;0,0004;-0,0209;-0,0702;0,0582;-0,9956;;False
663,32;3.83;pa010​;20250411_094227;1;TUG2;0,0264;1,1345;-0,0113;-0,0156;-0,0693;0,0563;-0,9959;;False
663,34;3.85;pa010​;20250411_094227;1;TUG2;0,0235;1,1378;-0,0229;-0,0110;-0,0687;0,0540;-0,9961;;False
663,35;3.86;pa010​;20250411_094227;1;TUG2;0,0209;1,1408;-0,0344;-0,0069;-0,0685;0,0524;-0,9963;;False
663,36;3.87;pa010​;20250411_094227;1;TUG2;0,0182;1,1432;-0,0457;-0,0031;-0,0693;0,0511;-0,9963;;False
663,38;3.89;pa010​;20250411_094227;1;TUG2;0,0159;1,1457;-0,0567;-0,0002;-0,0698;0,0501;-0,9963;;False
663,39;3.9;pa010​;20250411_094227;1;TUG2;0,0137;1,1480;-0,0671;0,0027;-0,0697;0,0495;-0,9963;;False
663,41;3.92;pa010​;20250411_094227;1;TUG2;0,0115;1,1505;-0,0771;0,0064;-0,0683;0,0482;-0,9965;;False
663,42;3.93;pa010​;20250411_094227;1;TUG2;0,0093;1,1531;-0,0868;0,0113;-0,0666;0,0472;-0,9966;;False
663,43;3.94;pa010​;20250411_094227;1;TUG2;0,0072;1,1556;-0,0962;0,0162;-0,0655;0,0474;-0,9966;;False
663,45;3.96;pa010​;20250411_094227;1;TUG2;0,0054;1,1575;-0,1055;0,0198;-0,0644;0,0479;-0,9966;;False
663,46;3.97;pa010​;20250411_094227;1;TUG2;0,0038;1,1589;-0,1146;0,0220;-0,0632;0,0482;-0,9966;;False
663,47;3.98;pa010​;20250411_094227;1;TUG2;0,0022;1,1603;-0,1233;0,0238;-0,0631;0,0487;-0,9965;;False
663,49;4.0;pa010​;20250411_094227;1;TUG2;0,0007;1,1617;-0,1315;0,0247;-0,0631;0,0486;-0,9965;;False
663,50;4.01;pa010​;20250411_094227;1;TUG2;-0,0008;1,1630;-0,1393;0,0271;-0,0634;0,0470;-0,9965;;False
663,52;4.03;pa010​;20250411_094227;1;TUG2;-0,0021;1,1643;-0,1471;0,0297;-0,0644;0,0452;-0,9965;;False
663,53;4.04;pa010​;20250411_094227;1;TUG2;-0,0034;1,1658;-0,1548;0,0318;-0,0660;0,0435;-0,9964;;False
663,54;4.05;pa010​;20250411_094227;1;TUG2;-0,0045;1,1673;-0,1621;0,0343;-0,0676;0,0418;-0,9962;;False
663,56;4.07;pa010​;20250411_094227;1;TUG2;-0,0054;1,1688;-0,1692;0,0374;-0,0694;0,0404;-0,9961;;False
663,57;4.08;pa010​;20250411_094227;1;TUG2;-0,0061;1,1703;-0,1760;0,0408;-0,0705;0,0391;-0,9959;;False
663,59;4.1;pa010​;20250411_094227;1;TUG2;-0,0070;1,1715;-0,1828;0,0439;-0,0709;0,0383;-0,9958;;False
663,60;4.11;pa010​;20250411_094227;1;TUG2;-0,0079;1,1726;-0,1893;0,0467;-0,0694;0,0380;-0,9958;;False
663,61;4.12;pa010​;20250411_094227;1;TUG2;-0,0090;1,1737;-0,1956;0,0493;-0,0672;0,0378;-0,9958;;False
663,63;4.14;pa010​;20250411_094227;1;TUG2;-0,0101;1,1746;-0,2015;0,0518;-0,0650;0,0380;-0,9958;;False
663,64;4.15;pa010​;20250411_094227;1;TUG2;-0,0108;1,1755;-0,2072;0,0537;-0,0640;0,0388;-0,9957;;False
663,66;4.17;pa010​;20250411_094227;1;TUG2;-0,0111;1,1764;-0,2126;0,0555;-0,0645;0,0394;-0,9956;;False
663,67;4.18;pa010​;20250411_094227;1;TUG2;-0,0112;1,1775;-0,2179;0,0581;-0,0665;0,0395;-0,9953;;False
663,68;4.19;pa010​;20250411_094227;1;TUG2;-0,0113;1,1786;-0,2229;0,0614;-0,0688;0,0389;-0,9950;;False
663,70;4.21;pa010​;20250411_094227;1;TUG2;-0,0114;1,1797;-0,2275;0,0640;-0,0710;0,0381;-0,9947;;False
663,71;4.22;pa010​;20250411_094227;1;TUG2;-0,0113;1,1805;-0,2317;0,0662;-0,0735;0,0379;-0,9944;;False
663,73;4.23;pa010​;20250411_094227;1;TUG2;-0,0111;1,1815;-0,2355;0,0681;-0,0754;0,0373;-0,9941;;False
663,74;4.25;pa010​;20250411_094227;1;TUG2;-0,0108;1,1824;-0,2388;0,0699;-0,0776;0,0376;-0,9938;;False
663,75;4.26;pa010​;20250411_094227;1;TUG2;-0,0105;1,1831;-0,2417;0,0712;-0,0798;0,0384;-0,9935;;False
663,77;4.28;pa010​;20250411_094227;1;TUG2;-0,0103;1,1835;-0,2441;0,0712;-0,0811;0,0389;-0,9934;;False
663,78;4.29;pa010​;20250411_094227;1;TUG2;-0,0102;1,1840;-0,2462;0,0715;-0,0812;0,0387;-0,9934;;False
663,80;4.3;pa010​;20250411_094227;1;TUG2;-0,0101;1,1847;-0,2477;0,0725;-0,0807;0,0388;-0,9933;;False
663,81;4.32;pa010​;20250411_094227;1;TUG2;-0,0101;1,1853;-0,2489;0,0750;-0,0800;0,0395;-0,9932;;False
663,82;4.33;pa010​;20250411_094227;1;TUG2;-0,0099;1,1857;-0,2499;0,0775;-0,0794;0,0403;-0,9930;;False
663,84;4.35;pa010​;20250411_094227;1;TUG2;-0,0097;1,1859;-0,2507;0,0787;-0,0793;0,0413;-0,9929;;False
663,85;4.36;pa010​;20250411_094227;1;TUG2;-0,0096;1,1859;-0,2510;0,0789;-0,0801;0,0424;-0,9928;;False
663,86;4.37;pa010​;20250411_094227;1;TUG2;-0,0095;1,1859;-0,2510;0,0784;-0,0813;0,0424;-0,9927;;False
663,88;4.39;pa010​;20250411_094227;1;TUG2;-0,0097;1,1855;-0,2506;0,0771;-0,0830;0,0415;-0,9927;;False
663,89;4.4;pa010​;20250411_094227;1;TUG2;-0,0097;1,1855;-0,2509;0,0744;-0,0845;0,0399;-0,9928;;False
663,91;4.42;pa010​;20250411_094227;1;TUG2;-0,0104;1,1848;-0,2491;0,0715;-0,0853;0,0381;-0,9931;;False
663,92;4.43;pa010​;20250411_094227;1;TUG2;-0,0109;1,1845;-0,2483;0,0694;-0,0848;0,0364;-0,9933;;False
663,93;4.44;pa010​;20250411_094227;1;TUG2;-0,0116;1,1844;-0,2474;0,0677;-0,0837;0,0362;-0,9935;;False
663,95;4.46;pa010​;20250411_094227;1;TUG2;-0,0122;1,1843;-0,2466;0,0665;-0,0823;0,0370;-0,9937;;False
663,96;4.47;pa010​;20250411_094227;1;TUG2;-0,0128;1,1841;-0,2457;0,0650;-0,0806;0,0378;-0,9939;;False
663,98;4.48;pa010​;20250411_094227;1;TUG2;-0,0134;1,1839;-0,2449;0,0638;-0,0792;0,0383;-0,9941;;False
663,99;4.5;pa010​;20250411_094227;1;TUG2;-0,0139;1,1836;-0,2441;0,0627;-0,0784;0,0388;-0,9942;;False
664,00;4.51;pa010​;20250411_094227;1;TUG2;-0,0143;1,1833;-0,2434;0,0617;-0,0786;0,0387;-0,9942;;False
664,02;4.53;pa010​;20250411_094227;1;TUG2;-0,0146;1,1830;-0,2429;0,0607;-0,0795;0,0384;-0,9942;;False
664,03;4.54;pa010​;20250411_094227;1;TUG2;-0,0150;1,1827;-0,2425;0,0599;-0,0801;0,0380;-0,9943;;False
664,04;4.55;pa010​;20250411_094227;1;TUG2;-0,0154;1,1824;-0,2421;0,0593;-0,0807;0,0378;-0,9943;;False
664,06;4.57;pa010​;20250411_094227;1;TUG2;-0,0159;1,1820;-0,2418;0,0585;-0,0811;0,0378;-0,9943;;False
664,07;4.58;pa010​;20250411_094227;1;TUG2;-0,0165;1,1816;-0,2415;0,0572;-0,0810;0,0381;-0,9943;;False
664,09;4.6;pa010​;20250411_094227;1;TUG2;-0,0172;1,1810;-0,2409;0,0553;-0,0806;0,0386;-0,9945;;False
664,10;4.61;pa010​;20250411_094227;1;TUG2;-0,0179;1,1805;-0,2404;0,0528;-0,0802;0,0390;-0,9946;;False
664,11;4.62;pa010​;20250411_094227;1;TUG2;-0,0186;1,1799;-0,2401;0,0502;-0,0797;0,0394;-0,9948;;False
664,13;4.64;pa010​;20250411_094227;1;TUG2;-0,0194;1,1793;-0,2399;0,0470;-0,0795;0,0394;-0,9949;;False
664,14;4.65;pa010​;20250411_094227;1;TUG2;-0,0203;1,1788;-0,2397;0,0438;-0,0792;0,0390;-0,9951;;False
664,16;4.67;pa010​;20250411_094227;1;TUG2;-0,0213;1,1785;-0,2397;0,0424;-0,0791;0,0380;-0,9952;;False
664,17;4.68;pa010​;20250411_094227;1;TUG2;-0,0222;1,1783;-0,2397;0,0412;-0,0787;0,0373;-0,9953;;False
664,18;4.69;pa010​;20250411_094227;1;TUG2;-0,0230;1,1780;-0,2397;0,0401;-0,0784;0,0368;-0,9954;;False
664,20;4.71;pa010​;20250411_094227;1;TUG2;-0,0238;1,1777;-0,2397;0,0387;-0,0780;0,0365;-0,9955;;False
664,21;4.72;pa010​;20250411_094227;1;TUG2;-0,0246;1,1774;-0,2397;0,0376;-0,0779;0,0360;-0,9956;;False
664,23;4.73;pa010​;20250411_094227;1;TUG2;-0,0253;1,1771;-0,2397;0,0363;-0,0775;0,0357;-0,9957;;False
664,24;4.75;pa010​;20250411_094227;1;TUG2;-0,0259;1,1769;-0,2398;0,0355;-0,0770;0,0353;-0,9958;;False
664,25;4.76;pa010​;20250411_094227;1;TUG2;-0,0265;1,1770;-0,2399;0,0355;-0,0764;0,0347;-0,9958;;False
664,27;4.78;pa010​;20250411_094227;1;TUG2;-0,0270;1,1771;-0,2399;0,0359;-0,0758;0,0345;-0,9959;;False
664,28;4.79;pa010​;20250411_094227;1;TUG2;-0,0276;1,1771;-0,2399;0,0363;-0,0753;0,0348;-0,9959;;False
664,29;4.8;pa010​;20250411_094227;1;TUG2;-0,0281;1,1771;-0,2399;0,0359;-0,0748;0,0351;-0,9959;;False
664,31;4.82;pa010​;20250411_094227;1;TUG2;-0,0284;1,1770;-0,2399;0,0349;-0,0750;0,0352;-0,9959;;False
664,32;4.83;pa010​;20250411_094227;1;TUG2;-0,0286;1,1769;-0,2399;0,0338;-0,0754;0,0353;-0,9960;;False
664,34;4.85;pa010​;20250411_094227;1;TUG2;-0,0287;1,1768;-0,2399;0,0330;-0,0755;0,0343;-0,9960;;False
664,35;4.86;pa010​;20250411_094227;1;TUG2;-0,0291;1,1766;-0,2399;0,0328;-0,0759;0,0338;-0,9960;;False
664,36;4.87;pa010​;20250411_094227;1;TUG2;-0,0292;1,1765;-0,2399;0,0327;-0,0764;0,0331;-0,9960;;False
664,38;4.89;pa010​;20250411_094227;1;TUG2;-0,0294;1,1765;-0,2401;0,0325;-0,0771;0,0325;-0,9960;;False
664,39;4.9;pa010​;20250411_094227;1;TUG2;-0,0295;1,1766;-0,2403;0,0324;-0,0779;0,0323;-0,9959;;False
664,41;4.92;pa010​;20250411_094227;1;TUG2;-0,0296;1,1766;-0,2405;0,0326;-0,0786;0,0317;-0,9959;;False
664,42;4.93;pa010​;20250411_094227;1;TUG2;-0,0297;1,1767;-0,2408;0,0328;-0,0790;0,0314;-0,9958;;False
664,43;4.94;pa010​;20250411_094227;1;TUG2;-0,0298;1,1767;-0,2410;0,0329;-0,0795;0,0315;-0,9958;;False
664,45;4.96;pa010​;20250411_094227;1;TUG2;-0,0298;1,1767;-0,2413;0,0328;-0,0796;0,0314;-0,9958;;False
664,46;4.97;pa010​;20250411_094227;1;TUG2;-0,0298;1,1767;-0,2415;0,0331;-0,0795;0,0310;-0,9958;;False
664,48;4.98;pa010​;20250411_094227;1;TUG2;-0,0298;1,1768;-0,2417;0,0337;-0,0798;0,0307;-0,9958;;False
664,49;5.0;pa010​;20250411_094227;1;TUG2;-0,0298;1,1769;-0,2418;0,0342;-0,0803;0,0302;-0,9957;;False
664,50;5.01;pa010​;20250411_094227;1;TUG2;-0,0296;1,1770;-0,2419;0,0346;-0,0810;0,0293;-0,9957;;False
664,52;5.03;pa010​;20250411_094227;1;TUG2;-0,0296;1,1770;-0,2421;0,0347;-0,0816;0,0285;-0,9957;;False
664,53;5.04;pa010​;20250411_094227;1;TUG2;-0,0294;1,1771;-0,2422;0,0349;-0,0823;0,0279;-0,9956;;False
664,55;5.05;pa010​;20250411_094227;1;TUG2;-0,0293;1,1771;-0,2423;0,0354;-0,0828;0,0274;-0,9956;;False
664,56;5.07;pa010​;20250411_094227;1;TUG2;-0,0292;1,1773;-0,2424;0,0357;-0,0829;0,0270;-0,9956;;False
664,57;5.08;pa010​;20250411_094227;1;TUG2;-0,0291;1,1775;-0,2425;0,0362;-0,0829;0,0269;-0,9955;;False
664,59;5.1;pa010​;20250411_094227;1;TUG2;-0,0290;1,1776;-0,2427;0,0367;-0,0826;0,0273;-0,9955;;False
664,60;5.11;pa010​;20250411_094227;1;TUG2;-0,0289;1,1777;-0,2429;0,0372;-0,0826;0,0280;-0,9955;;False
664,61;5.12;pa010​;20250411_094227;1;TUG2;-0,0287;1,1777;-0,2430;0,0379;-0,0827;0,0284;-0,9955;;False
664,63;5.14;pa010​;20250411_094227;1;TUG2;-0,0285;1,1778;-0,2431;0,0383;-0,0828;0,0284;-0,9954;;False
664,64;5.15;pa010​;20250411_094227;1;TUG2;-0,0284;1,1778;-0,2432;0,0387;-0,0829;0,0280;-0,9954;;False
664,66;5.17;pa010​;20250411_094227;1;TUG2;-0,0283;1,1778;-0,2432;0,0390;-0,0830;0,0276;-0,9954;;False
664,67;5.18;pa010​;20250411_094227;1;TUG2;-0,0282;1,1777;-0,2432;0,0391;-0,0833;0,0270;-0,9954;;False
664,68;5.19;pa010​;20250411_094227;1;TUG2;-0,0282;1,1778;-0,2433;0,0391;-0,0835;0,0265;-0,9954;;False
664,70;5.21;pa010​;20250411_094227;1;TUG2;-0,0282;1,1778;-0,2433;0,0387;-0,0832;0,0261;-0,9954;;False
664,71;5.22;pa010​;20250411_094227;1;TUG2;-0,0282;1,1778;-0,2433;0,0385;-0,0831;0,0260;-0,9955;;False
664,73;5.23;pa010​;20250411_094227;1;TUG2;-0,0281;1,1777;-0,2432;0,0384;-0,0829;0,0262;-0,9955;;False
664,74;5.25;pa010​;20250411_094227;1;TUG2;-0,0281;1,1776;-0,2432;0,0384;-0,0826;0,0265;-0,9955;;False
664,75;5.26;pa010​;20250411_094227;1;TUG2;-0,0279;1,1776;-0,2431;0,0386;-0,0823;0,0267;-0,9955;;False
664,77;5.28;pa010​;20250411_094227;1;TUG2;-0,0278;1,1776;-0,2430;0,0390;-0,0823;0,0268;-0,9955;;False
664,78;5.29;pa010​;20250411_094227;1;TUG2;-0,0277;1,1775;-0,2429;0,0393;-0,0822;0,0267;-0,9955;;False
664,80;5.31;pa010​;20250411_094227;1;TUG2;-0,0275;1,1775;-0,2428;0,0396;-0,0823;0,0263;-0,9955;;False
664,81;5.32;pa010​;20250411_094227;1;TUG2;-0,0274;1,1775;-0,2426;0,0396;-0,0825;0,0264;-0,9955;;False
664,82;5.33;pa010​;20250411_094227;1;TUG2;-0,0272;1,1775;-0,2425;0,0390;-0,0832;0,0267;-0,9954;;False
664,84;5.35;pa010​;20250411_094227;1;TUG2;-0,0270;1,1774;-0,2425;0,0383;-0,0836;0,0269;-0,9954;;False
664,85;5.36;pa010​;20250411_094227;1;TUG2;-0,0268;1,1774;-0,2426;0,0381;-0,0840;0,0273;-0,9954;;False
664,86;5.37;pa010​;20250411_094227;1;TUG2;-0,0266;1,1774;-0,2427;0,0379;-0,0843;0,0277;-0,9953;;False
664,88;5.39;pa010​;20250411_094227;1;TUG2;-0,0264;1,1773;-0,2427;0,0379;-0,0842;0,0280;-0,9953;;False
664,89;5.4;pa010​;20250411_094227;1;TUG2;-0,0262;1,1772;-0,2428;0,0380;-0,0840;0,0284;-0,9953;;False
664,91;5.41;pa010​;20250411_094227;1;TUG2;-0,0261;1,1772;-0,2429;0,0383;-0,0840;0,0286;-0,9953;;False
664,92;5.43;pa010​;20250411_094227;1;TUG2;-0,0261;1,1772;-0,2430;0,0384;-0,0840;0,0287;-0,9953;;False
664,93;5.44;pa010​;20250411_094227;1;TUG2;-0,0260;1,1772;-0,2431;0,0384;-0,0840;0,0287;-0,9953;;False
664,95;5.46;pa010​;20250411_094227;1;TUG2;-0,0260;1,1771;-0,2432;0,0383;-0,0841;0,0287;-0,9953;;False
664,96;5.47;pa010​;20250411_094227;1;TUG2;-0,0260;1,1771;-0,2433;0,0382;-0,0841;0,0286;-0,9953;;False
664,98;5.48;pa010​;20250411_094227;1;TUG2;-0,0260;1,1770;-0,2434;0,0380;-0,0841;0,0285;-0,9953;;False
664,99;5.5;pa010​;20250411_094227;1;TUG2;-0,0260;1,1770;-0,2435;0,0379;-0,0840;0,0284;-0,9953;;False
665,00;5.51;pa010​;20250411_094227;1;TUG2;-0,0260;1,1770;-0,2435;0,0375;-0,0842;0,0285;-0,9953;;False
665,02;5.53;pa010​;20250411_094227;1;TUG2;-0,0259;1,1769;-0,2435;0,0374;-0,0844;0,0285;-0,9953;;False
665,03;5.54;pa010​;20250411_094227;1;TUG2;-0,0259;1,1769;-0,2434;0,0372;-0,0848;0,0286;-0,9953;;False
665,04;5.55;pa010​;20250411_094227;1;TUG2;-0,0258;1,1768;-0,2434;0,0368;-0,0851;0,0286;-0,9953;;False
665,06;5.57;pa010​;20250411_094227;1;TUG2;-0,0257;1,1767;-0,2434;0,0367;-0,0853;0,0285;-0,9953;;False
665,07;5.58;pa010​;20250411_094227;1;TUG2;-0,0256;1,1767;-0,2433;0,0367;-0,0853;0,0285;-0,9953;;False
665,09;5.6;pa010​;20250411_094227;1;TUG2;-0,0257;1,1767;-0,2432;0,0368;-0,0853;0,0284;-0,9953;;False
665,10;5.61;pa010​;20250411_094227;1;TUG2;-0,0258;1,1768;-0,2431;0,0368;-0,0851;0,0283;-0,9953;;False
665,11;5.62;pa010​;20250411_094227;1;TUG2;-0,0258;1,1768;-0,2431;0,0369;-0,0850;0,0282;-0,9953;;False
665,13;5.64;pa010​;20250411_094227;1;TUG2;-0,0259;1,1768;-0,2430;0,0369;-0,0848;0,0283;-0,9953;;False
665,14;5.65;pa010​;20250411_094227;1;TUG2;-0,0259;1,1767;-0,2429;0,0368;-0,0846;0,0284;-0,9953;;False
665,16;5.67;pa010​;20250411_094227;1;TUG2;-0,0259;1,1766;-0,2429;0,0368;-0,0845;0,0282;-0,9953;;False
665,17;5.68;pa010​;20250411_094227;1;TUG2;-0,0259;1,1765;-0,2429;0,0368;-0,0844;0,0281;-0,9954;;False
665,18;5.69;pa010​;20250411_094227;1;TUG2;-0,0259;1,1765;-0,2428;0,0368;-0,0843;0,0279;-0,9954;;False
665,20;5.71;pa010​;20250411_094227;1;TUG2;-0,0259;1,1765;-0,2428;0,0367;-0,0837;0,0277;-0,9954;;False
665,21;5.72;pa010​;20250411_094227;1;TUG2;-0,0259;1,1765;-0,2428;0,0366;-0,0832;0,0276;-0,9955;;False
665,23;5.74;pa010​;20250411_094227;1;TUG2;-0,0260;1,1764;-0,2427;0,0363;-0,0826;0,0276;-0,9955;;False
665,24;5.75;pa010​;20250411_094227;1;TUG2;-0,0260;1,1763;-0,2427;0,0359;-0,0821;0,0279;-0,9956;;False
665,25;5.76;pa010​;20250411_094227;1;TUG2;-0,0260;1,1761;-0,2428;0,0355;-0,0816;0,0280;-0,9956;;False
665,27;5.78;pa010​;20250411_094227;1;TUG2;-0,0259;1,1760;-0,2428;0,0351;-0,0814;0,0281;-0,9957;;False
665,28;5.79;pa010​;20250411_094227;1;TUG2;-0,0258;1,1759;-0,2428;0,0352;-0,0813;0,0280;-0,9957;;False
665,30;5.81;pa010​;20250411_094227;1;TUG2;-0,0256;1,1759;-0,2429;0,0351;-0,0815;0,0278;-0,9957;;False
665,31;5.82;pa010​;20250411_094227;1;TUG2;-0,0255;1,1758;-0,2430;0,0351;-0,0816;0,0275;-0,9957;;False
665,32;5.83;pa010​;20250411_094227;1;TUG2;-0,0254;1,1758;-0,2431;0,0351;-0,0817;0,0267;-0,9957;;False
665,34;5.85;pa010​;20250411_094227;1;TUG2;-0,0253;1,1757;-0,2431;0,0351;-0,0817;0,0264;-0,9957;;False
665,35;5.86;pa010​;20250411_094227;1;TUG2;-0,0252;1,1757;-0,2432;0,0350;-0,0817;0,0266;-0,9957;;False
665,37;5.87;pa010​;20250411_094227;1;TUG2;-0,0250;1,1755;-0,2432;0,0344;-0,0815;0,0268;-0,9957;;False
665,38;5.89;pa010​;20250411_094227;1;TUG2;-0,0249;1,1754;-0,2433;0,0338;-0,0809;0,0273;-0,9958;;False
665,39;5.9;pa010​;20250411_094227;1;TUG2;-0,0247;1,1752;-0,2433;0,0335;-0,0805;0,0280;-0,9958;;False
665,41;5.92;pa010​;20250411_094227;1;TUG2;-0,0245;1,1751;-0,2434;0,0333;-0,0799;0,0287;-0,9958;;False
665,42;5.93;pa010​;20250411_094227;1;TUG2;-0,0244;1,1750;-0,2434;0,0333;-0,0793;0,0290;-0,9959;;False
665,43;5.94;pa010​;20250411_094227;1;TUG2;-0,0243;1,1750;-0,2434;0,0331;-0,0789;0,0293;-0,9959;;False
665,45;5.96;pa010​;20250411_094227;1;TUG2;-0,0241;1,1749;-0,2434;0,0327;-0,0784;0,0296;-0,9959;;False
665,46;5.97;pa010​;20250411_094227;1;TUG2;-0,0239;1,1748;-0,2433;0,0322;-0,0783;0,0300;-0,9960;;False
665,48;5.98;pa010​;20250411_094227;1;TUG2;-0,0237;1,1747;-0,2433;0,0316;-0,0780;0,0301;-0,9960;;False
665,49;6.0;pa010​;20250411_094227;1;TUG2;-0,0235;1,1746;-0,2432;0,0309;-0,0780;0,0302;-0,9960;;False
665,50;6.01;pa010​;20250411_094227;1;TUG2;-0,0233;1,1745;-0,2431;0,0305;-0,0782;0,0302;-0,9960;;False
665,52;6.03;pa010​;20250411_094227;1;TUG2;-0,0231;1,1743;-0,2430;0,0306;-0,0781;0,0302;-0,9960;;False
665,53;6.04;pa010​;20250411_094227;1;TUG2;-0,0229;1,1742;-0,2430;0,0306;-0,0783;0,0303;-0,9960;;False
665,54;6.05;pa010​;20250411_094227;1;TUG2;-0,0227;1,1741;-0,2429;0,0304;-0,0785;0,0304;-0,9960;;False
665,56;6.07;pa010​;20250411_094227;1;TUG2;-0,0225;1,1741;-0,2429;0,0300;-0,0786;0,0305;-0,9960;;False
665,57;6.08;pa010​;20250411_094227;1;TUG2;-0,0224;1,1739;-0,2428;0,0298;-0,0787;0,0305;-0,9960;;False
665,59;6.1;pa010​;20250411_094227;1;TUG2;-0,0222;1,1738;-0,2427;0,0293;-0,0788;0,0306;-0,9960;;False
665,60;6.11;pa010​;20250411_094227;1;TUG2;-0,0221;1,1736;-0,2425;0,0287;-0,0789;0,0307;-0,9960;;False
665,61;6.12;pa010​;20250411_094227;1;TUG2;-0,0220;1,1734;-0,2425;0,0278;-0,0789;0,0309;-0,9960;;False
665,63;6.14;pa010​;20250411_094227;1;TUG2;-0,0219;1,1733;-0,2424;0,0273;-0,0791;0,0307;-0,9960;;False
665,64;6.15;pa010​;20250411_094227;1;TUG2;-0,0218;1,1732;-0,2423;0,0270;-0,0790;0,0304;-0,9960;;False
665,66;6.17;pa010​;20250411_094227;1;TUG2;-0,0217;1,1731;-0,2422;0,0267;-0,0791;0,0305;-0,9960;;False
665,67;6.18;pa010​;20250411_094227;1;TUG2;-0,0216;1,1730;-0,2421;0,0264;-0,0791;0,0304;-0,9961;;False
665,68;6.19;pa010​;20250411_094227;1;TUG2;-0,0216;1,1729;-0,2420;0,0262;-0,0793;0,0305;-0,9960;;False
665,70;6.21;pa010​;20250411_094227;1;TUG2;-0,0215;1,1728;-0,2419;0,0257;-0,0793;0,0305;-0,9961;;False
665,71;6.22;pa010​;20250411_094227;1;TUG2;-0,0214;1,1727;-0,2419;0,0251;-0,0793;0,0306;-0,9961;;False
665,73;6.23;pa010​;20250411_094227;1;TUG2;-0,0213;1,1726;-0,2419;0,0247;-0,0791;0,0306;-0,9961;;False
665,74;6.25;pa010​;20250411_094227;1;TUG2;-0,0212;1,1725;-0,2419;0,0246;-0,0790;0,0305;-0,9961;;False
665,75;6.26;pa010​;20250411_094227;1;TUG2;-0,0212;1,1724;-0,2419;0,0250;-0,0788;0,0305;-0,9961;;False
665,77;6.28;pa010​;20250411_094227;1;TUG2;-0,0212;1,1725;-0,2418;0,0250;-0,0787;0,0303;-0,9961;;False
665,78;6.29;pa010​;20250411_094227;1;TUG2;-0,0212;1,1725;-0,2418;0,0252;-0,0785;0,0302;-0,9961;;False
665,80;6.3;pa010​;20250411_094227;1;TUG2;-0,0213;1,1725;-0,2419;0,0251;-0,0784;0,0302;-0,9961;;False
665,81;6.32;pa010​;20250411_094227;1;TUG2;-0,0213;1,1724;-0,2419;0,0248;-0,0782;0,0300;-0,9962;;False
665,82;6.33;pa010​;20250411_094227;1;TUG2;-0,0213;1,1724;-0,2420;0,0244;-0,0781;0,0299;-0,9962;;False
665,84;6.35;pa010​;20250411_094227;1;TUG2;-0,0213;1,1723;-0,2421;0,0242;-0,0779;0,0298;-0,9962;;False
665,85;6.36;pa010​;20250411_094227;1;TUG2;-0,0214;1,1722;-0,2421;0,0241;-0,0776;0,0298;-0,9962;;False
665,86;6.37;pa010​;20250411_094227;1;TUG2;-0,0215;1,1722;-0,2421;0,0243;-0,0771;0,0294;-0,9963;;False
665,88;6.39;pa010​;20250411_094227;1;TUG2;-0,0216;1,1722;-0,2421;0,0244;-0,0766;0,0293;-0,9963;;False
665,89;6.4;pa010​;20250411_094227;1;TUG2;-0,0217;1,1722;-0,2420;0,0246;-0,0762;0,0296;-0,9963;;False
665,91;6.42;pa010​;20250411_094227;1;TUG2;-0,0217;1,1722;-0,2420;0,0245;-0,0757;0,0297;-0,9964;;False
665,92;6.43;pa010​;20250411_094227;1;TUG2;-0,0216;1,1722;-0,2420;0,0243;-0,0755;0,0297;-0,9964;;False
665,93;6.44;pa010​;20250411_094227;1;TUG2;-0,0215;1,1722;-0,2420;0,0241;-0,0754;0,0299;-0,9964;;False
665,95;6.46;pa010​;20250411_094227;1;TUG2;-0,0215;1,1721;-0,2420;0,0237;-0,0756;0,0300;-0,9964;;False
665,96;6.47;pa010​;20250411_094227;1;TUG2;-0,0215;1,1720;-0,2420;0,0233;-0,0758;0,0300;-0,9964;;False
665,98;6.48;pa010​;20250411_094227;1;TUG2;-0,0215;1,1719;-0,2421;0,0228;-0,0761;0,0299;-0,9964;;False
665,99;6.5;pa010​;20250411_094227;1;TUG2;-0,0215;1,1717;-0,2421;0,0225;-0,0764;0,0298;-0,9964;;False
666,00;6.51;pa010​;20250411_094227;1;TUG2;-0,0214;1,1717;-0,2421;0,0226;-0,0763;0,0298;-0,9964;;False
666,02;6.53;pa010​;20250411_094227;1;TUG2;-0,0215;1,1717;-0,2421;0,0226;-0,0763;0,0299;-0,9964;;False
666,03;6.54;pa010​;20250411_094227;1;TUG2;-0,0216;1,1718;-0,2422;0,0225;-0,0762;0,0298;-0,9964;;False
666,05;6.55;pa010​;20250411_094227;1;TUG2;-0,0217;1,1718;-0,2422;0,0225;-0,0759;0,0298;-0,9964;;False
666,06;6.57;pa010​;20250411_094227;1;TUG2;-0,0218;1,1717;-0,2422;0,0221;-0,0754;0,0299;-0,9965;;False
666,07;6.58;pa010​;20250411_094227;1;TUG2;-0,0220;1,1716;-0,2422;0,0218;-0,0751;0,0297;-0,9965;;False
666,09;6.6;pa010​;20250411_094227;1;TUG2;-0,0221;1,1715;-0,2422;0,0213;-0,0747;0,0297;-0,9965;;False
666,10;6.61;pa010​;20250411_094227;1;TUG2;-0,0223;1,1714;-0,2422;0,0209;-0,0743;0,0295;-0,9966;;False
666,11;6.62;pa010​;20250411_094227;1;TUG2;-0,0223;1,1713;-0,2422;0,0208;-0,0740;0,0292;-0,9966;;False
666,13;6.64;pa010​;20250411_094227;1;TUG2;-0,0223;1,1712;-0,2422;0,0209;-0,0739;0,0289;-0,9966;;False
666,14;6.65;pa010​;20250411_094227;1;TUG2;-0,0223;1,1712;-0,2422;0,0210;-0,0738;0,0290;-0,9966;;False
666,16;6.67;pa010​;20250411_094227;1;TUG2;-0,0223;1,1711;-0,2423;0,0209;-0,0735;0,0289;-0,9967;;False
666,17;6.68;pa010​;20250411_094227;1;TUG2;-0,0224;1,1711;-0,2423;0,0207;-0,0732;0,0289;-0,9967;;False
666,18;6.69;pa010​;20250411_094227;1;TUG2;-0,0224;1,1710;-0,2423;0,0203;-0,0729;0,0289;-0,9967;;False
666,20;6.71;pa010​;20250411_094227;1;TUG2;-0,0224;1,1708;-0,2423;0,0200;-0,0725;0,0292;-0,9967;;False
666,21;6.72;pa010​;20250411_094227;1;TUG2;-0,0225;1,1708;-0,2423;0,0195;-0,0723;0,0293;-0,9968;;False
666,23;6.73;pa010​;20250411_094227;1;TUG2;-0,0224;1,1707;-0,2422;0,0191;-0,0722;0,0295;-0,9968;;False
666,24;6.75;pa010​;20250411_094227;1;TUG2;-0,0224;1,1706;-0,2421;0,0187;-0,0722;0,0296;-0,9968;;False
666,25;6.76;pa010​;20250411_094227;1;TUG2;-0,0223;1,1705;-0,2421;0,0185;-0,0725;0,0296;-0,9968;;False
666,27;6.78;pa010​;20250411_094227;1;TUG2;-0,0222;1,1704;-0,2420;0,0183;-0,0726;0,0296;-0,9968;;False
666,28;6.79;pa010​;20250411_094227;1;TUG2;-0,0222;1,1703;-0,2419;0,0180;-0,0726;0,0295;-0,9968;;False
666,30;6.8;pa010​;20250411_094227;1;TUG2;-0,0221;1,1702;-0,2419;0,0177;-0,0725;0,0296;-0,9968;;False
666,31;6.82;pa010​;20250411_094227;1;TUG2;-0,0221;1,1701;-0,2418;0,0174;-0,0722;0,0299;-0,9968;;False
666,32;6.83;pa010​;20250411_094227;1;TUG2;-0,0220;1,1700;-0,2418;0,0170;-0,0719;0,0300;-0,9968;;False
666,34;6.85;pa010​;20250411_094227;1;TUG2;-0,0219;1,1699;-0,2418;0,0167;-0,0714;0,0303;-0,9968;;False
666,35;6.86;pa010​;20250411_094227;1;TUG2;-0,0219;1,1697;-0,2417;0,0168;-0,0712;0,0304;-0,9969;;False
666,37;6.87;pa010​;20250411_094227;1;TUG2;-0,0219;1,1697;-0,2416;0,0167;-0,0712;0,0304;-0,9969;;False
666,38;6.89;pa010​;20250411_094227;1;TUG2;-0,0219;1,1696;-0,2416;0,0166;-0,0712;0,0303;-0,9969;;False
666,39;6.9;pa010​;20250411_094227;1;TUG2;-0,0219;1,1695;-0,2415;0,0164;-0,0714;0,0302;-0,9969;;False
666,41;6.92;pa010​;20250411_094227;1;TUG2;-0,0219;1,1695;-0,2415;0,0162;-0,0711;0,0296;-0,9969;;False
666,42;6.93;pa010​;20250411_094227;1;TUG2;-0,0219;1,1695;-0,2413;0,0158;-0,0711;0,0300;-0,9969;;False
666,43;6.94;pa010​;20250411_094227;1;TUG2;-0,0219;1,1696;-0,2411;0,0154;-0,0707;0,0304;-0,9969;;False
666,45;6.96;pa010​;20250411_094227;1;TUG2;-0,0219;1,1695;-0,2410;0,0146;-0,0703;0,0306;-0,9970;;False
666,46;6.97;pa010​;20250411_094227;1;TUG2;-0,0220;1,1693;-0,2410;0,0142;-0,0699;0,0307;-0,9970;;False
666,48;6.99;pa010​;20250411_094227;1;TUG2;-0,0220;1,1692;-0,2410;0,0136;-0,0694;0,0309;-0,9970;;False
666,49;7.0;pa010​;20250411_094227;1;TUG2;-0,0220;1,1691;-0,2410;0,0131;-0,0692;0,0312;-0,9970;;False
666,50;7.01;pa010​;20250411_094227;1;TUG2;-0,0220;1,1689;-0,2410;0,0126;-0,0691;0,0315;-0,9970;;False
666,52;7.03;pa010​;20250411_094227;1;TUG2;-0,0220;1,1689;-0,2410;0,0122;-0,0690;0,0317;-0,9970;;False
666,53;7.04;pa010​;20250411_094227;1;TUG2;-0,0219;1,1688;-0,2411;0,0118;-0,0696;0,0316;-0,9970;;False
666,54;7.05;pa010​;20250411_094227;1;TUG2;-0,0218;1,1687;-0,2411;0,0115;-0,0699;0,0313;-0,9970;;False
666,56;7.07;pa010​;20250411_094227;1;TUG2;-0,0217;1,1686;-0,2412;0,0113;-0,0707;0,0310;-0,9970;;False
666,57;7.08;pa010​;20250411_094227;1;TUG2;-0,0216;1,1686;-0,2413;0,0111;-0,0717;0,0305;-0,9969;;False
666,59;7.1;pa010​;20250411_094227;1;TUG2;-0,0215;1,1685;-0,2414;0,0108;-0,0724;0,0303;-0,9969;;False
666,60;7.11;pa010​;20250411_094227;1;TUG2;-0,0214;1,1685;-0,2415;0,0105;-0,0735;0,0301;-0,9968;;False
666,61;7.12;pa010​;20250411_094227;1;TUG2;-0,0213;1,1685;-0,2415;0,0103;-0,0744;0,0299;-0,9967;;False
666,63;7.14;pa010​;20250411_094227;1;TUG2;-0,0212;1,1685;-0,2415;0,0102;-0,0752;0,0299;-0,9967;;False
666,64;7.15;pa010​;20250411_094227;1;TUG2;-0,0211;1,1685;-0,2416;0,0101;-0,0759;0,0301;-0,9966;;False
666,66;7.17;pa010​;20250411_094227;1;TUG2;-0,0209;1,1686;-0,2417;0,0104;-0,0763;0,0302;-0,9966;;False
666,67;7.18;pa010​;20250411_094227;1;TUG2;-0,0208;1,1686;-0,2418;0,0109;-0,0767;0,0303;-0,9965;;False
666,68;7.19;pa010​;20250411_094227;1;TUG2;-0,0207;1,1687;-0,2420;0,0112;-0,0770;0,0304;-0,9965;;False
666,70;7.21;pa010​;20250411_094227;1;TUG2;-0,0206;1,1687;-0,2421;0,0113;-0,0773;0,0306;-0,9965;;False
666,71;7.22;pa010​;20250411_094227;1;TUG2;-0,0204;1,1687;-0,2422;0,0113;-0,0773;0,0306;-0,9965;;False
666,73;7.23;pa010​;20250411_094227;1;TUG2;-0,0202;1,1687;-0,2424;0,0111;-0,0775;0,0306;-0,9965;;False
666,74;7.25;pa010​;20250411_094227;1;TUG2;-0,0200;1,1687;-0,2424;0,0107;-0,0777;0,0306;-0,9964;;False
666,75;7.26;pa010​;20250411_094227;1;TUG2;-0,0199;1,1685;-0,2425;0,0098;-0,0776;0,0306;-0,9965;;False
666,77;7.28;pa010​;20250411_094227;1;TUG2;-0,0199;1,1683;-0,2425;0,0092;-0,0777;0,0305;-0,9965;;False
666,78;7.29;pa010​;20250411_094227;1;TUG2;-0,0198;1,1682;-0,2425;0,0087;-0,0776;0,0306;-0,9965;;False
666,80;7.3;pa010​;20250411_094227;1;TUG2;-0,0198;1,1681;-0,2425;0,0085;-0,0777;0,0307;-0,9965;;False
666,81;7.32;pa010​;20250411_094227;1;TUG2;-0,0197;1,1680;-0,2424;0,0084;-0,0775;0,0307;-0,9965;;False
666,82;7.33;pa010​;20250411_094227;1;TUG2;-0,0196;1,1681;-0,2424;0,0085;-0,0774;0,0310;-0,9965;;False
666,84;7.35;pa010​;20250411_094227;1;TUG2;-0,0194;1,1681;-0,2424;0,0086;-0,0774;0,0313;-0,9965;;False
666,85;7.36;pa010​;20250411_094227;1;TUG2;-0,0193;1,1681;-0,2425;0,0087;-0,0774;0,0317;-0,9965;;False
666,86;7.37;pa010​;20250411_094227;1;TUG2;-0,0192;1,1680;-0,2425;0,0088;-0,0775;0,0319;-0,9964;;False
666,88;7.39;pa010​;20250411_094227;1;TUG2;-0,0190;1,1680;-0,2425;0,0088;-0,0775;0,0318;-0,9964;;False
666,89;7.4;pa010​;20250411_094227;1;TUG2;-0,0189;1,1680;-0,2425;0,0090;-0,0776;0,0318;-0,9964;;False
666,91;7.42;pa010​;20250411_094227;1;TUG2;-0,0187;1,1680;-0,2424;0,0093;-0,0781;0,0317;-0,9964;;False
666,93;7.44;pa010​;20250411_094227;1;TUG2;-0,0181;1,1681;-0,2423;0,0090;-0,0786;0,0315;-0,9964;;False
666,95;7.46;pa010​;20250411_094227;1;TUG2;-0,0179;1,1681;-0,2422;0,0089;-0,0786;0,0316;-0,9964;;False
666,96;7.47;pa010​;20250411_094227;1;TUG2;-0,0178;1,1679;-0,2421;0,0085;-0,0787;0,0325;-0,9963;;False
666,98;7.48;pa010​;20250411_094227;1;TUG2;-0,0176;1,1677;-0,2421;0,0078;-0,0786;0,0332;-0,9963;;False
666,99;7.5;pa010​;20250411_094227;1;TUG2;-0,0175;1,1675;-0,2420;0,0071;-0,0782;0,0333;-0,9964;;False
667,00;7.51;pa010​;20250411_094227;1;TUG2;-0,0174;1,1674;-0,2420;0,0067;-0,0778;0,0336;-0,9964;;False
667,02;7.53;pa010​;20250411_094227;1;TUG2;-0,0174;1,1673;-0,2419;0,0063;-0,0775;0,0339;-0,9964;;False
667,03;7.54;pa010​;20250411_094227;1;TUG2;-0,0173;1,1673;-0,2418;0,0061;-0,0774;0,0341;-0,9964;;False
667,04;7.55;pa010​;20250411_094227;1;TUG2;-0,0173;1,1672;-0,2417;0,0059;-0,0775;0,0338;-0,9964;;False
667,06;7.57;pa010​;20250411_094227;1;TUG2;-0,0173;1,1671;-0,2417;0,0057;-0,0776;0,0336;-0,9964;;False
667,07;7.58;pa010​;20250411_094227;1;TUG2;-0,0172;1,1670;-0,2416;0,0056;-0,0779;0,0333;-0,9964;;False
667,09;7.6;pa010​;20250411_094227;1;TUG2;-0,0171;1,1669;-0,2416;0,0053;-0,0781;0,0332;-0,9964;;False
667,10;7.61;pa010​;20250411_094227;1;TUG2;-0,0171;1,1668;-0,2416;0,0049;-0,0782;0,0334;-0,9964;;False
667,11;7.62;pa010​;20250411_094227;1;TUG2;-0,0169;1,1668;-0,2416;0,0048;-0,0783;0,0336;-0,9963;;False
667,13;7.64;pa010​;20250411_094227;1;TUG2;-0,0167;1,1668;-0,2417;0,0045;-0,0782;0,0340;-0,9963;;False
667,14;7.65;pa010​;20250411_094227;1;TUG2;-0,0166;1,1668;-0,2418;0,0043;-0,0780;0,0344;-0,9963;;False
667,16;7.67;pa010​;20250411_094227;1;TUG2;-0,0165;1,1668;-0,2418;0,0042;-0,0779;0,0346;-0,9964;;False
667,17;7.68;pa010​;20250411_094227;1;TUG2;-0,0165;1,1668;-0,2419;0,0044;-0,0777;0,0349;-0,9964;;False
667,18;7.69;pa010​;20250411_094227;1;TUG2;-0,0165;1,1668;-0,2419;0,0044;-0,0775;0,0348;-0,9964;;False
667,20;7.71;pa010​;20250411_094227;1;TUG2;-0,0165;1,1668;-0,2420;0,0044;-0,0778;0,0349;-0,9963;;False
667,21;7.72;pa010​;20250411_094227;1;TUG2;-0,0165;1,1668;-0,2419;0,0044;-0,0779;0,0349;-0,9963;;False
667,23;7.73;pa010​;20250411_094227;1;TUG2;-0,0165;1,1669;-0,2418;0,0041;-0,0784;0,0349;-0,9963;;False
667,24;7.75;pa010​;20250411_094227;1;TUG2;-0,0164;1,1670;-0,2418;0,0039;-0,0789;0,0349;-0,9963;;False
667,25;7.76;pa010​;20250411_094227;1;TUG2;-0,0164;1,1670;-0,2418;0,0039;-0,0792;0,0345;-0,9963;;False
667,27;7.78;pa010​;20250411_094227;1;TUG2;-0,0164;1,1669;-0,2419;0,0038;-0,0794;0,0345;-0,9962;;False
667,28;7.79;pa010​;20250411_094227;1;TUG2;-0,0162;1,1669;-0,2420;0,0040;-0,0795;0,0347;-0,9962;;False
667,30;7.8;pa010​;20250411_094227;1;TUG2;-0,0161;1,1670;-0,2421;0,0041;-0,0795;0,0349;-0,9962;;False
667,31;7.82;pa010​;20250411_094227;1;TUG2;-0,0161;1,1671;-0,2422;0,0043;-0,0793;0,0351;-0,9962;;False
667,32;7.83;pa010​;20250411_094227;1;TUG2;-0,0161;1,1672;-0,2422;0,0047;-0,0793;0,0354;-0,9962;;False
667,34;7.85;pa010​;20250411_094227;1;TUG2;-0,0161;1,1672;-0,2422;0,0050;-0,0792;0,0355;-0,9962;;False
667,35;7.86;pa010​;20250411_094227;1;TUG2;-0,0161;1,1673;-0,2422;0,0053;-0,0793;0,0356;-0,9962;;False
667,37;7.87;pa010​;20250411_094227;1;TUG2;-0,0161;1,1673;-0,2421;0,0052;-0,0792;0,0355;-0,9962;;False
667,38;7.89;pa010​;20250411_094227;1;TUG2;-0,0161;1,1673;-0,2421;0,0052;-0,0792;0,0354;-0,9962;;False
667,39;7.9;pa010​;20250411_094227;1;TUG2;-0,0162;1,1673;-0,2421;0,0052;-0,0793;0,0354;-0,9962;;False
667,41;7.92;pa010​;20250411_094227;1;TUG2;-0,0162;1,1673;-0,2421;0,0052;-0,0793;0,0353;-0,9962;;False
667,42;7.93;pa010​;20250411_094227;1;TUG2;-0,0162;1,1673;-0,2421;0,0052;-0,0795;0,0350;-0,9962;;False
667,43;7.94;pa010​;20250411_094227;1;TUG2;-0,0161;1,1673;-0,2422;0,0051;-0,0795;0,0349;-0,9962;;False
667,45;7.96;pa010​;20250411_094227;1;TUG2;-0,0162;1,1672;-0,2421;0,0050;-0,0796;0,0349;-0,9962;;False
667,46;7.97;pa010​;20250411_094227;1;TUG2;-0,0162;1,1672;-0,2421;0,0049;-0,0797;0,0350;-0,9962;;False
667,48;7.98;pa010​;20250411_094227;1;TUG2;-0,0162;1,1671;-0,2420;0,0048;-0,0797;0,0349;-0,9962;;False
667,49;8.0;pa010​;20250411_094227;1;TUG2;-0,0162;1,1672;-0,2419;0,0047;-0,0796;0,0348;-0,9962;;False
667,50;8.01;pa010​;20250411_094227;1;TUG2;-0,0162;1,1672;-0,2418;0,0044;-0,0798;0,0354;-0,9962;;False
667,52;8.03;pa010​;20250411_094227;1;TUG2;-0,0162;1,1671;-0,2417;0,0040;-0,0797;0,0356;-0,9962;;False
667,53;8.04;pa010​;20250411_094227;1;TUG2;-0,0162;1,1670;-0,2416;0,0039;-0,0795;0,0355;-0,9962;;False
667,54;8.05;pa010​;20250411_094227;1;TUG2;-0,0161;1,1670;-0,2415;0,0039;-0,0794;0,0357;-0,9962;;False
667,56;8.07;pa010​;20250411_094227;1;TUG2;-0,0158;1,1670;-0,2415;0,0035;-0,0793;0,0357;-0,9962;;False
667,57;8.08;pa010​;20250411_094227;1;TUG2;-0,0157;1,1670;-0,2414;0,0034;-0,0793;0,0358;-0,9962;;False
667,59;8.1;pa010​;20250411_094227;1;TUG2;-0,0157;1,1669;-0,2414;0,0031;-0,0794;0,0358;-0,9962;;False
667,60;8.11;pa010​;20250411_094227;1;TUG2;-0,0157;1,1668;-0,2413;0,0029;-0,0795;0,0358;-0,9962;;False
667,61;8.12;pa010​;20250411_094227;1;TUG2;-0,0157;1,1668;-0,2412;0,0028;-0,0798;0,0357;-0,9962;;False
667,63;8.14;pa010​;20250411_094227;1;TUG2;-0,0157;1,1668;-0,2412;0,0030;-0,0801;0,0355;-0,9962;;False
667,64;8.15;pa010​;20250411_094227;1;TUG2;-0,0157;1,1668;-0,2412;0,0030;-0,0800;0,0355;-0,9962;;False
667,66;8.17;pa010​;20250411_094227;1;TUG2;-0,0157;1,1668;-0,2412;0,0032;-0,0801;0,0355;-0,9962;;False
667,67;8.18;pa010​;20250411_094227;1;TUG2;-0,0156;1,1669;-0,2412;0,0036;-0,0801;0,0357;-0,9961;;False
667,68;8.19;pa010​;20250411_094227;1;TUG2;-0,0155;1,1670;-0,2413;0,0038;-0,0801;0,0358;-0,9961;;False
667,70;8.21;pa010​;20250411_094227;1;TUG2;-0,0153;1,1671;-0,2415;0,0041;-0,0802;0,0360;-0,9961;;False
667,71;8.22;pa010​;20250411_094227;1;TUG2;-0,0152;1,1672;-0,2416;0,0044;-0,0806;0,0361;-0,9961;;False
667,73;8.23;pa010​;20250411_094227;1;TUG2;-0,0151;1,1672;-0,2416;0,0047;-0,0809;0,0358;-0,9961;;False
667,74;8.25;pa010​;20250411_094227;1;TUG2;-0,0150;1,1672;-0,2417;0,0050;-0,0814;0,0359;-0,9960;;False
667,75;8.26;pa010​;20250411_094227;1;TUG2;-0,0148;1,1673;-0,2417;0,0051;-0,0819;0,0358;-0,9960;;False
667,77;8.28;pa010​;20250411_094227;1;TUG2;-0,0147;1,1673;-0,2417;0,0050;-0,0822;0,0358;-0,9960;;False
667,78;8.29;pa010​;20250411_094227;1;TUG2;-0,0146;1,1673;-0,2418;0,0050;-0,0824;0,0357;-0,9959;;False
667,79;8.3;pa010​;20250411_094227;1;TUG2;-0,0145;1,1672;-0,2418;0,0048;-0,0828;0,0359;-0,9959;;False
667,81;8.32;pa010​;20250411_094227;1;TUG2;-0,0144;1,1671;-0,2418;0,0045;-0,0830;0,0360;-0,9959;;False
667,82;8.33;pa010​;20250411_094227;1;TUG2;-0,0143;1,1672;-0,2419;0,0042;-0,0832;0,0361;-0,9959;;False
667,84;8.35;pa010​;20250411_094227;1;TUG2;-0,0142;1,1673;-0,2421;0,0041;-0,0832;0,0362;-0,9959;;False
667,85;8.36;pa010​;20250411_094227;1;TUG2;-0,0141;1,1673;-0,2422;0,0045;-0,0835;0,0363;-0,9958;;False
667,87;8.37;pa010​;20250411_094227;1;TUG2;-0,0141;1,1674;-0,2424;0,0050;-0,0838;0,0362;-0,9958;;False
667,88;8.39;pa010​;20250411_094227;1;TUG2;-0,0140;1,1676;-0,2426;0,0054;-0,0841;0,0363;-0,9958;;False
667,89;8.4;pa010​;20250411_094227;1;TUG2;-0,0139;1,1679;-0,2428;0,0060;-0,0844;0,0361;-0,9958;;False
667,91;8.42;pa010​;20250411_094227;1;TUG2;-0,0137;1,1681;-0,2431;0,0064;-0,0849;0,0363;-0,9957;;False
667,92;8.43;pa010​;20250411_094227;1;TUG2;-0,0136;1,1682;-0,2433;0,0068;-0,0851;0,0363;-0,9957;;False
667,94;8.44;pa010​;20250411_094227;1;TUG2;-0,0135;1,1683;-0,2436;0,0070;-0,0856;0,0365;-0,9956;;False
667,95;8.46;pa010​;20250411_094227;1;TUG2;-0,0132;1,1683;-0,2439;0,0070;-0,0860;0,0369;-0,9956;;False
667,96;8.47;pa010​;20250411_094227;1;TUG2;-0,0130;1,1684;-0,2442;0,0070;-0,0868;0,0372;-0,9955;;False
667,98;8.48;pa010​;20250411_094227;1;TUG2;-0,0127;1,1684;-0,2444;0,0070;-0,0875;0,0375;-0,9954;;False
667,99;8.5;pa010​;20250411_094227;1;TUG2;-0,0124;1,1683;-0,2447;0,0064;-0,0884;0,0378;-0,9953;;False
668,00;8.51;pa010​;20250411_094227;1;TUG2;-0,0121;1,1682;-0,2450;0,0058;-0,0895;0,0382;-0,9952;;False
668,02;8.53;pa010​;20250411_094227;1;TUG2;-0,0116;1,1681;-0,2451;0,0052;-0,0905;0,0385;-0,9951;;False
668,03;8.54;pa010​;20250411_094227;1;TUG2;-0,0110;1,1681;-0,2452;0,0044;-0,0917;0,0386;-0,9950;;False
668,05;8.56;pa010​;20250411_094227;1;TUG2;-0,0104;1,1677;-0,2451;0,0033;-0,0933;0,0394;-0,9949;;False
668,06;8.57;pa010​;20250411_094227;1;TUG2;-0,0097;1,1671;-0,2449;0,0015;-0,0948;0,0406;-0,9947;;False
668,07;8.58;pa010​;20250411_094227;1;TUG2;-0,0089;1,1664;-0,2446;-0,0017;-0,0962;0,0416;-0,9945;;False
668,09;8.6;pa010​;20250411_094227;1;TUG2;-0,0080;1,1657;-0,2441;-0,0058;-0,0969;0,0423;-0,9944;;False
668,10;8.61;pa010​;20250411_094227;1;TUG2;-0,0071;1,1648;-0,2434;-0,0104;-0,0969;0,0425;-0,9943;;False
668,11;8.62;pa010​;20250411_094227;1;TUG2;-0,0062;1,1638;-0,2423;-0,0148;-0,0967;0,0438;-0,9942;;False
668,13;8.64;pa010​;20250411_094227;1;TUG2;-0,0052;1,1629;-0,2408;-0,0191;-0,0966;0,0457;-0,9941;;False
668,14;8.65;pa010​;20250411_094227;1;TUG2;-0,0041;1,1621;-0,2392;-0,0220;-0,0964;0,0472;-0,9940;;False
668,16;8.67;pa010​;20250411_094227;1;TUG2;-0,0028;1,1614;-0,2374;-0,0246;-0,0969;0,0494;-0,9938;;False
668,17;8.68;pa010​;20250411_094227;1;TUG2;-0,0016;1,1607;-0,2352;-0,0266;-0,0976;0,0511;-0,9936;;False
668,18;8.69;pa010​;20250411_094227;1;TUG2;-0,0004;1,1597;-0,2329;-0,0292;-0,0975;0,0521;-0,9934;;False
668,20;8.71;pa010​;20250411_094227;1;TUG2;0,0008;1,1585;-0,2304;-0,0325;-0,0973;0,0522;-0,9934;;False
668,21;8.72;pa010​;20250411_094227;1;TUG2;0,0021;1,1574;-0,2277;-0,0361;-0,0970;0,0528;-0,9932;;False
668,23;8.73;pa010​;20250411_094227;1;TUG2;0,0036;1,1563;-0,2247;-0,0402;-0,0967;0,0535;-0,9931;;False
668,24;8.75;pa010​;20250411_094227;1;TUG2;0,0050;1,1550;-0,2217;-0,0441;-0,0967;0,0544;-0,9928;;False
668,25;8.76;pa010​;20250411_094227;1;TUG2;0,0064;1,1538;-0,2184;-0,0479;-0,0968;0,0557;-0,9926;;False
668,27;8.78;pa010​;20250411_094227;1;TUG2;0,0079;1,1528;-0,2149;-0,0507;-0,0967;0,0568;-0,9924;;False
668,28;8.79;pa010​;20250411_094227;1;TUG2;0,0094;1,1519;-0,2111;-0,0527;-0,0967;0,0583;-0,9922;;False
668,30;8.8;pa010​;20250411_094227;1;TUG2;0,0108;1,1507;-0,2075;-0,0550;-0,0964;0,0596;-0,9920;;False
668,31;8.82;pa010​;20250411_094227;1;TUG2;0,0122;1,1497;-0,2037;-0,0582;-0,0958;0,0607;-0,9918;;False
668,32;8.83;pa010​;20250411_094227;1;TUG2;0,0135;1,1487;-0,1998;-0,0599;-0,0950;0,0614;-0,9918;;False
668,34;8.85;pa010​;20250411_094227;1;TUG2;0,0149;1,1481;-0,1956;-0,0614;-0,0946;0,0622;-0,9917;;False
668,35;8.86;pa010​;20250411_094227;1;TUG2;0,0165;1,1474;-0,1915;-0,0621;-0,0941;0,0629;-0,9916;;False
668,36;8.87;pa010​;20250411_094227;1;TUG2;0,0180;1,1468;-0,1873;-0,0621;-0,0944;0,0632;-0,9916;;False
668,38;8.89;pa010​;20250411_094227;1;TUG2;0,0196;1,1462;-0,1831;-0,0621;-0,0951;0,0632;-0,9915;;False
668,39;8.9;pa010​;20250411_094227;1;TUG2;0,0212;1,1453;-0,1787;-0,0624;-0,0959;0,0634;-0,9914;;False
668,41;8.92;pa010​;20250411_094227;1;TUG2;0,0229;1,1444;-0,1741;-0,0634;-0,0971;0,0634;-0,9912;;False
668,42;8.93;pa010​;20250411_094227;1;TUG2;0,0246;1,1435;-0,1694;-0,0640;-0,0982;0,0638;-0,9911;;False
668,43;8.94;pa010​;20250411_094227;1;TUG2;0,0263;1,1426;-0,1646;-0,0648;-0,0994;0,0641;-0,9909;;False
668,45;8.96;pa010​;20250411_094227;1;TUG2;0,0279;1,1422;-0,1597;-0,0642;-0,1004;0,0636;-0,9908;;False
668,46;8.97;pa010​;20250411_094227;1;TUG2;0,0293;1,1422;-0,1549;-0,0616;-0,1012;0,0629;-0,9910;;False
668,48;8.98;pa010​;20250411_094227;1;TUG2;0,0305;1,1422;-0,1502;-0,0593;-0,1021;0,0630;-0,9910;;False
668,49;9.0;pa010​;20250411_094227;1;TUG2;0,0317;1,1422;-0,1454;-0,0578;-0,1027;0,0633;-0,9910;;False
668,50;9.01;pa010​;20250411_094227;1;TUG2;0,0327;1,1421;-0,1405;-0,0568;-0,1028;0,0628;-0,9911;;False
668,52;9.03;pa010​;20250411_094227;1;TUG2;0,0336;1,1419;-0,1352;-0,0562;-0,1026;0,0623;-0,9912;;False
668,53;9.04;pa010​;20250411_094227;1;TUG2;0,0346;1,1416;-0,1297;-0,0560;-0,1025;0,0618;-0,9912;;False
668,55;9.05;pa010​;20250411_094227;1;TUG2;0,0356;1,1411;-0,1239;-0,0567;-0,1023;0,0611;-0,9913;;False
668,56;9.07;pa010​;20250411_094227;1;TUG2;0,0366;1,1404;-0,1179;-0,0574;-0,1022;0,0605;-0,9913;;False
668,57;9.08;pa010​;20250411_094227;1;TUG2;0,0377;1,1397;-0,1116;-0,0577;-0,1023;0,0595;-0,9913;;False
668,59;9.1;pa010​;20250411_094227;1;TUG2;0,0389;1,1390;-0,1051;-0,0567;-0,1026;0,0591;-0,9913;;False
668,60;9.11;pa010​;20250411_094227;1;TUG2;0,0401;1,1384;-0,0983;-0,0549;-0,1029;0,0585;-0,9915;;False
668,61;9.12;pa010​;20250411_094227;1;TUG2;0,0412;1,1374;-0,0914;-0,0533;-0,1027;0,0578;-0,9916;;False
668,63;9.14;pa010​;20250411_094227;1;TUG2;0,0423;1,1362;-0,0842;-0,0523;-0,1022;0,0574;-0,9917;;False
668,64;9.15;pa010​;20250411_094227;1;TUG2;0,0436;1,1347;-0,0768;-0,0518;-0,1014;0,0577;-0,9918;;False
668,66;9.17;pa010​;20250411_094227;1;TUG2;0,0449;1,1328;-0,0692;-0,0519;-0,1004;0,0577;-0,9919;;False
668,67;9.18;pa010​;20250411_094227;1;TUG2;0,0463;1,1305;-0,0614;-0,0527;-0,0994;0,0582;-0,9919;;False
668,68;9.19;pa010​;20250411_094227;1;TUG2;0,0476;1,1280;-0,0532;-0,0547;-0,0988;0,0588;-0,9919;;False
668,70;9.21;pa010​;20250411_094227;1;TUG2;0,0489;1,1253;-0,0448;-0,0571;-0,0983;0,0598;-0,9917;;False
668,71;9.22;pa010​;20250411_094227;1;TUG2;0,0503;1,1224;-0,0362;-0,0594;-0,0980;0,0604;-0,9916;;False
668,73;9.23;pa010​;20250411_094227;1;TUG2;0,0517;1,1195;-0,0274;-0,0623;-0,0975;0,0607;-0,9914;;False
668,74;9.25;pa010​;20250411_094227;1;TUG2;0,0530;1,1167;-0,0186;-0,0652;-0,0974;0,0610;-0,9912;;False
668,75;9.26;pa010​;20250411_094227;1;TUG2;0,0544;1,1139;-0,0097;-0,0692;-0,0970;0,0617;-0,9910;;False
668,77;9.28;pa010​;20250411_094227;1;TUG2;0,0560;1,1109;-0,0004;-0,0726;-0,0963;0,0626;-0,9907;;False
668,78;9.29;pa010​;20250411_094227;1;TUG2;0,0574;1,1078;0,0090;-0,0750;-0,0957;0,0628;-0,9906;;False
668,80;9.3;pa010​;20250411_094227;1;TUG2;0,0589;1,1045;0,0187;-0,0765;-0,0952;0,0639;-0,9904;;False
668,81;9.32;pa010​;20250411_094227;1;TUG2;0,0604;1,1010;0,0285;-0,0778;-0,0953;0,0652;-0,9903;;False
668,82;9.33;pa010​;20250411_094227;1;TUG2;0,0620;1,0974;0,0383;-0,0785;-0,0959;0,0662;-0,9901;;False
668,84;9.35;pa010​;20250411_094227;1;TUG2;0,0634;1,0935;0,0482;-0,0808;-0,0967;0,0674;-0,9897;;False
668,85;9.36;pa010​;20250411_094227;1;TUG2;0,0647;1,0896;0,0581;-0,0851;-0,0975;0,0684;-0,9892;;False
668,86;9.37;pa010​;20250411_094227;1;TUG2;0,0658;1,0856;0,0683;-0,0897;-0,0982;0,0681;-0,9888;;False
668,88;9.39;pa010​;20250411_094227;1;TUG2;0,0670;1,0816;0,0785;-0,0935;-0,0984;0,0675;-0,9884;;False
668,89;9.4;pa010​;20250411_094227;1;TUG2;0,0682;1,0779;0,0889;-0,0964;-0,0983;0,0661;-0,9883;;False
668,91;9.42;pa010​;20250411_094227;1;TUG2;0,0693;1,0744;0,0991;-0,0995;-0,0983;0,0653;-0,9880;;False
668,92;9.43;pa010​;20250411_094227;1;TUG2;0,0705;1,0714;0,1094;-0,1025;-0,0986;0,0647;-0,9877;;False
668,93;9.44;pa010​;20250411_094227;1;TUG2;0,0720;1,0687;0,1197;-0,1045;-0,0990;0,0647;-0,9875;;False
668,95;9.46;pa010​;20250411_094227;1;TUG2;0,0731;1,0664;0,1297;-0,1072;-0,1001;0,0655;-0,9870;;False
668,96;9.47;pa010​;20250411_094227;1;TUG2;0,0741;1,0647;0,1397;-0,1119;-0,1007;0,0663;-0,9864;;False
668,98;9.48;pa010​;20250411_094227;1;TUG2;0,0750;1,0633;0,1494;-0,1157;-0,1005;0,0659;-0,9860;;False
668,99;9.5;pa010​;20250411_094227;1;TUG2;0,0755;1,0623;0,1585;-0,1180;-0,0998;0,0655;-0,9858;;False
669,00;9.51;pa010​;20250411_094227;1;TUG2;0,0762;1,0626;0,1677;-0,1215;-0,0985;0,0655;-0,9855;;False
669,02;9.53;pa010​;20250411_094227;1;TUG2;0,0766;1,0627;0,1763;-0,1244;-0,0975;0,0657;-0,9852;;False
669,03;9.54;pa010​;20250411_094227;1;TUG2;0,0771;1,0633;0,1845;-0,1279;-0,0966;0,0662;-0,9849;;False
669,04;9.55;pa010​;20250411_094227;1;TUG2;0,0777;1,0642;0,1924;-0,1304;-0,0961;0,0667;-0,9845;;False
669,06;9.57;pa010​;20250411_094227;1;TUG2;0,0782;1,0657;0,1998;-0,1326;-0,0956;0,0664;-0,9843;;False
669,07;9.58;pa010​;20250411_094227;1;TUG2;0,0786;1,0677;0,2067;-0,1342;-0,0952;0,0659;-0,9842;;False
669,09;9.6;pa010​;20250411_094227;1;TUG2;0,0789;1,0701;0,2133;-0,1353;-0,0948;0,0657;-0,9841;;False
669,10;9.61;pa010​;20250411_094227;1;TUG2;0,0790;1,0730;0,2193;-0,1363;-0,0940;0,0654;-0,9840;;False
669,11;9.62;pa010​;20250411_094227;1;TUG2;0,0793;1,0766;0,2250;-0,1381;-0,0930;0,0646;-0,9839;;False
669,13;9.64;pa010​;20250411_094227;1;TUG2;0,0797;1,0809;0,2304;-0,1396;-0,0926;0,0640;-0,9838;;False
669,14;9.65;pa010​;20250411_094227;1;TUG2;0,0800;1,0858;0,2353;-0,1403;-0,0931;0,0636;-0,9837;;False
669,16;9.67;pa010​;20250411_094227;1;TUG2;0,0802;1,0911;0,2397;-0,1403;-0,0940;0,0629;-0,9836;;False
669,17;9.68;pa010​;20250411_094227;1;TUG2;0,0802;1,0970;0,2438;-0,1401;-0,0949;0,0617;-0,9836;;False
669,18;9.69;pa010​;20250411_094227;1;TUG2;0,0802;1,1034;0,2476;-0,1398;-0,0946;0,0603;-0,9838;;False
669,20;9.71;pa010​;20250411_094227;1;TUG2;0,0800;1,1105;0,2510;-0,1384;-0,0942;0,0592;-0,9841;;False
669,21;9.72;pa010​;20250411_094227;1;TUG2;0,0799;1,1180;0,2541;-0,1364;-0,0937;0,0582;-0,9845;;False
669,23;9.73;pa010​;20250411_094227;1;TUG2;0,0796;1,1260;0,2568;-0,1346;-0,0933;0,0574;-0,9848;;False
669,24;9.75;pa010​;20250411_094227;1;TUG2;0,0794;1,1345;0,2591;-0,1328;-0,0933;0,0569;-0,9851;;False
669,25;9.76;pa010​;20250411_094227;1;TUG2;0,0792;1,1435;0,2611;-0,1306;-0,0936;0,0561;-0,9854;;False
669,27;9.78;pa010​;20250411_094227;1;TUG2;0,0791;1,1531;0,2628;-0,1274;-0,0939;0,0552;-0,9859;;False
669,28;9.79;pa010​;20250411_094227;1;TUG2;0,0788;1,1628;0,2641;-0,1233;-0,0941;0,0536;-0,9864;;False
669,29;9.8;pa010​;20250411_094227;1;TUG2;0,0784;1,1729;0,2651;-0,1194;-0,0942;0,0521;-0,9870;;False
669,31;9.82;pa010​;20250411_094227;1;TUG2;0,0781;1,1834;0,2659;-0,1152;-0,0942;0,0510;-0,9875;;False
669,32;9.83;pa010​;20250411_094227;1;TUG2;0,0777;1,1941;0,2663;-0,1111;-0,0943;0,0501;-0,9880;;False
669,34;9.85;pa010​;20250411_094227;1;TUG2;0,0774;1,2049;0,2665;-0,1069;-0,0944;0,0491;-0,9886;;False
669,35;9.86;pa010​;20250411_094227;1;TUG2;0,0770;1,2156;0,2664;-0,1035;-0,0941;0,0484;-0,9890;;False
669,37;9.88;pa010​;20250411_094227;1;TUG2;0,0766;1,2263;0,2660;-0,1009;-0,0944;0,0484;-0,9892;;False
669,38;9.89;pa010​;20250411_094227;1;TUG2;0,0763;1,2371;0,2654;-0,0982;-0,0940;0,0479;-0,9896;;False
669,39;9.9;pa010​;20250411_094227;1;TUG2;0,0759;1,2482;0,2647;-0,0943;-0,0940;0,0476;-0,9900;;False
669,41;9.92;pa010​;20250411_094227;1;TUG2;0,0754;1,2592;0,2637;-0,0901;-0,0936;0,0472;-0,9904;;False
669,42;9.93;pa010​;20250411_094227;1;TUG2;0,0748;1,2700;0,2623;-0,0865;-0,0931;0,0465;-0,9908;;False
669,43;9.94;pa010​;20250411_094227;1;TUG2;0,0741;1,2809;0,2606;-0,0841;-0,0930;0,0454;-0,9911;;False
669,45;9.96;pa010​;20250411_094227;1;TUG2;0,0736;1,2919;0,2587;-0,0816;-0,0922;0,0445;-0,9914;;False
669,46;9.97;pa010​;20250411_094227;1;TUG2;0,0730;1,3028;0,2564;-0,0783;-0,0921;0,0437;-0,9917;;False
669,48;9.98;pa010​;20250411_094227;1;TUG2;0,0725;1,3139;0,2541;-0,0731;-0,0922;0,0435;-0,9921;;False
669,49;10.0;pa010​;20250411_094227;1;TUG2;0,0720;1,3252;0,2514;-0,0672;-0,0918;0,0441;-0,9925;;False
669,50;10.01;pa010​;20250411_094227;1;TUG2;0,0715;1,3362;0,2485;-0,0620;-0,0912;0,0441;-0,9929;;False
669,52;10.03;pa010​;20250411_094227;1;TUG2;0,0707;1,3468;0,2452;-0,0579;-0,0905;0,0443;-0,9932;;False
669,53;10.04;pa010​;20250411_094227;1;TUG2;0,0700;1,3573;0,2420;-0,0547;-0,0898;0,0445;-0,9935;;False
669,54;10.05;pa010​;20250411_094227;1;TUG2;0,0694;1,3677;0,2386;-0,0519;-0,0891;0,0442;-0,9937;;False
669,56;10.07;pa010​;20250411_094227;1;TUG2;0,0690;1,3777;0,2348;-0,0511;-0,0888;0,0444;-0,9938;;False
669,57;10.08;pa010​;20250411_094227;1;TUG2;0,0685;1,3879;0,2309;-0,0472;-0,0896;0,0436;-0,9939;;False
669,59;10.1;pa010​;20250411_094227;1;TUG2;0,0680;1,3986;0,2268;-0,0414;-0,0906;0,0427;-0,9941;;False
669,60;10.11;pa010​;20250411_094227;1;TUG2;0,0672;1,4086;0,2222;-0,0365;-0,0912;0,0410;-0,9943;;False
669,61;10.12;pa010​;20250411_094227;1;TUG2;0,0663;1,4180;0,2175;-0,0336;-0,0913;0,0396;-0,9945;;False
669,63;10.14;pa010​;20250411_094227;1;TUG2;0,0652;1,4270;0,2127;-0,0318;-0,0905;0,0388;-0,9946;;False
669,64;10.15;pa010​;20250411_094227;1;TUG2;0,0639;1,4354;0,2080;-0,0310;-0,0899;0,0385;-0,9947;;False
669,66;10.17;pa010​;20250411_094227;1;TUG2;0,0626;1,4432;0,2035;-0,0327;-0,0877;0,0384;-0,9949;;False
669,67;10.18;pa010​;20250411_094227;1;TUG2;0,0613;1,4505;0,1990;-0,0351;-0,0854;0,0388;-0,9950;;False
669,68;10.19;pa010​;20250411_094227;1;TUG2;0,0601;1,4574;0,1946;-0,0391;-0,0827;0,0398;-0,9950;;False
669,70;10.21;pa010​;20250411_094227;1;TUG2;0,0587;1,4634;0,1898;-0,0438;-0,0800;0,0416;-0,9950;;False
669,71;10.22;pa010​;20250411_094227;1;TUG2;0,0575;1,4689;0,1848;-0,0499;-0,0775;0,0438;-0,9948;;False
669,73;10.23;pa010​;20250411_094227;1;TUG2;0,0567;1,4746;0,1804;-0,0528;-0,0770;0,0446;-0,9946;;False
669,74;10.25;pa010​;20250411_094227;1;TUG2;0,0560;1,4802;0,1760;-0,0528;-0,0777;0,0441;-0,9946;;False
669,75;10.26;pa010​;20250411_094227;1;TUG2;0,0550;1,4845;0,1714;-0,0539;-0,0790;0,0446;-0,9944;;False
669,77;10.28;pa010​;20250411_094227;1;TUG2;0,0540;1,4878;0,1669;-0,0564;-0,0805;0,0436;-0,9942;;False
669,78;10.29;pa010​;20250411_094227;1;TUG2;0,0529;1,4907;0,1626;-0,0593;-0,0822;0,0431;-0,9939;;False
669,80;10.3;pa010​;20250411_094227;1;TUG2;0,0519;1,4934;0,1589;-0,0623;-0,0834;0,0427;-0,9936;;False
669,81;10.32;pa010​;20250411_094227;1;TUG2;0,0508;1,4958;0,1555;-0,0645;-0,0838;0,0423;-0,9935;;False
669,82;10.33;pa010​;20250411_094227;1;TUG2;0,0496;1,4978;0,1524;-0,0663;-0,0833;0,0422;-0,9934;;False
669,84;10.35;pa010​;20250411_094227;1;TUG2;0,0482;1,4996;0,1495;-0,0673;-0,0827;0,0424;-0,9934;;False
669,85;10.36;pa010​;20250411_094227;1;TUG2;0,0468;1,5014;0,1468;-0,0675;-0,0808;0,0431;-0,9935;;False
669,87;10.37;pa010​;20250411_094227;1;TUG2;0,0453;1,5028;0,1443;-0,0679;-0,0782;0,0437;-0,9937;;False
669,88;10.39;pa010​;20250411_094227;1;TUG2;0,0436;1,5040;0,1421;-0,0691;-0,0759;0,0445;-0,9937;;False
669,89;10.4;pa010​;20250411_094227;1;TUG2;0,0420;1,5048;0,1403;-0,0699;-0,0734;0,0442;-0,9939;;False
669,91;10.42;pa010​;20250411_094227;1;TUG2;0,0404;1,5054;0,1389;-0,0709;-0,0712;0,0436;-0,9940;;False
669,92;10.43;pa010​;20250411_094227;1;TUG2;0,0389;1,5058;0,1379;-0,0719;-0,0691;0,0426;-0,9941;;False
669,93;10.44;pa010​;20250411_094227;1;TUG2;0,0374;1,5061;0,1370;-0,0723;-0,0676;0,0415;-0,9942;;False
669,95;10.46;pa010​;20250411_094227;1;TUG2;0,0360;1,5060;0,1362;-0,0732;-0,0663;0,0413;-0,9943;;False
669,96;10.47;pa010​;20250411_094227;1;TUG2;0,0348;1,5059;0,1355;-0,0741;-0,0654;0,0408;-0,9943;;False
669,98;10.49;pa010​;20250411_094227;1;TUG2;0,0337;1,5058;0,1351;-0,0748;-0,0650;0,0404;-0,9943;;False
669,99;10.5;pa010​;20250411_094227;1;TUG2;0,0329;1,5057;0,1348;-0,0753;-0,0648;0,0401;-0,9942;;False
670,00;10.51;pa010​;20250411_094227;1;TUG2;0,0321;1,5055;0,1348;-0,0757;-0,0651;0,0397;-0,9942;;False
670,02;10.53;pa010​;20250411_094227;1;TUG2;0,0314;1,5053;0,1349;-0,0757;-0,0655;0,0391;-0,9942;;False
670,03;10.54;pa010​;20250411_094227;1;TUG2;0,0307;1,5050;0,1351;-0,0753;-0,0661;0,0387;-0,9942;;False
670,04;10.55;pa010​;20250411_094227;1;TUG2;0,0300;1,5045;0,1353;-0,0760;-0,0671;0,0387;-0,9941;;False
670,06;10.57;pa010​;20250411_094227;1;TUG2;0,0294;1,5042;0,1356;-0,0768;-0,0683;0,0393;-0,9939;;False
670,07;10.58;pa010​;20250411_094227;1;TUG2;0,0289;1,5040;0,1361;-0,0769;-0,0696;0,0397;-0,9938;;False
670,09;10.6;pa010​;20250411_094227;1;TUG2;0,0283;1,5038;0,1365;-0,0768;-0,0710;0,0400;-0,9937;;False
670,10;10.61;pa010​;20250411_094227;1;TUG2;0,0277;1,5037;0,1372;-0,0766;-0,0720;0,0402;-0,9936;;False
670,11;10.62;pa010​;20250411_094227;1;TUG2;0,0272;1,5042;0,1379;-0,0751;-0,0731;0,0399;-0,9937;;False
670,13;10.64;pa010​;20250411_094227;1;TUG2;0,0267;1,5047;0,1387;-0,0718;-0,0749;0,0395;-0,9938;;False
670,14;10.65;pa010​;20250411_094227;1;TUG2;0,0264;1,5055;0,1395;-0,0675;-0,0776;0,0391;-0,9939;;False
670,16;10.67;pa010​;20250411_094227;1;TUG2;0,0263;1,5065;0,1404;-0,0616;-0,0822;0,0376;-0,9940;;False
670,17;10.68;pa010​;20250411_094227;1;TUG2;0,0265;1,5077;0,1412;-0,0555;-0,0880;0,0358;-0,9939;;False
670,18;10.69;pa010​;20250411_094227;1;TUG2;0,0268;1,5087;0,1418;-0,0500;-0,0955;0,0333;-0,9936;;False
670,20;10.71;pa010​;20250411_094227;1;TUG2;0,0276;1,5098;0,1425;-0,0445;-0,1035;0,0297;-0,9932;;False
670,21;10.72;pa010​;20250411_094227;1;TUG2;0,0284;1,5110;0,1433;-0,0388;-0,1119;0,0266;-0,9926;;False
670,23;10.73;pa010​;20250411_094227;1;TUG2;0,0292;1,5121;0,1442;-0,0318;-0,1216;0,0245;-0,9918;;False
670,24;10.75;pa010​;20250411_094227;1;TUG2;0,0303;1,5134;0,1451;-0,0247;-0,1312;0,0216;-0,9908;;False
670,25;10.76;pa010​;20250411_094227;1;TUG2;0,0315;1,5144;0,1458;-0,0177;-0,1411;0,0200;-0,9896;;False
670,27;10.78;pa010​;20250411_094227;1;TUG2;0,0326;1,5153;0,1466;-0,0117;-0,1503;0,0177;-0,9884;;False
670,28;10.79;pa010​;20250411_094227;1;TUG2;0,0335;1,5161;0,1473;-0,0067;-0,1591;0,0158;-0,9871;;False
670,30;10.8;pa010​;20250411_094227;1;TUG2;0,0344;1,5166;0,1483;-0,0037;-0,1666;0,0148;-0,9859;;False
670,31;10.82;pa010​;20250411_094227;1;TUG2;0,0352;1,5170;0,1493;-0,0011;-0,1733;0,0139;-0,9848;;False
670,32;10.83;pa010​;20250411_094227;1;TUG2;0,0360;1,5172;0,1503;0,0002;-0,1785;0,0138;-0,9838;;False
670,34;10.85;pa010​;20250411_094227;1;TUG2;0,0367;1,5175;0,1514;0,0013;-0,1834;0,0130;-0,9830;;False
670,35;10.86;pa010​;20250411_094227;1;TUG2;0,0374;1,5178;0,1525;0,0031;-0,1880;0,0125;-0,9821;;False
670,36;10.87;pa010​;20250411_094227;1;TUG2;0,0380;1,5181;0,1536;0,0038;-0,1924;0,0121;-0,9812;;False
670,38;10.89;pa010​;20250411_094227;1;TUG2;0,0387;1,5182;0,1546;0,0043;-0,1962;0,0120;-0,9805;;False
670,39;10.9;pa010​;20250411_094227;1;TUG2;0,0392;1,5184;0,1556;0,0043;-0,2002;0,0120;-0,9797;;False
670,41;10.92;pa010​;20250411_094227;1;TUG2;0,0399;1,5185;0,1567;0,0045;-0,2031;0,0118;-0,9791;;False
670,42;10.93;pa010​;20250411_094227;1;TUG2;0,0405;1,5186;0,1578;0,0048;-0,2062;0,0117;-0,9784;;False
670,43;10.94;pa010​;20250411_094227;1;TUG2;0,0410;1,5188;0,1590;0,0047;-0,2089;0,0117;-0,9778;;False
670,45;10.96;pa010​;20250411_094227;1;TUG2;0,0415;1,5191;0,1603;0,0055;-0,2111;0,0114;-0,9774;;False
670,46;10.97;pa010​;20250411_094227;1;TUG2;0,0420;1,5193;0,1618;0,0067;-0,2128;0,0112;-0,9770;;False
670,48;10.98;pa010​;20250411_094227;1;TUG2;0,0424;1,5195;0,1632;0,0082;-0,2146;0,0106;-0,9766;;False
670,49;11.0;pa010​;20250411_094227;1;TUG2;0,0428;1,5196;0,1647;0,0090;-0,2161;0,0103;-0,9763;;False
670,50;11.01;pa010​;20250411_094227;1;TUG2;0,0432;1,5197;0,1662;0,0095;-0,2173;0,0101;-0,9760;;False
670,52;11.03;pa010​;20250411_094227;1;TUG2;0,0437;1,5198;0,1675;0,0099;-0,2184;0,0099;-0,9758;;False
670,53;11.04;pa010​;20250411_094227;1;TUG2;0,0442;1,5199;0,1689;0,0101;-0,2194;0,0097;-0,9755;;False
670,55;11.05;pa010​;20250411_094227;1;TUG2;0,0447;1,5200;0,1703;0,0101;-0,2203;0,0095;-0,9753;;False
670,56;11.07;pa010​;20250411_094227;1;TUG2;0,0454;1,5202;0,1716;0,0102;-0,2212;0,0095;-0,9751;;False
670,57;11.08;pa010​;20250411_094227;1;TUG2;0,0460;1,5203;0,1730;0,0104;-0,2219;0,0099;-0,9750;;False
670,59;11.1;pa010​;20250411_094227;1;TUG2;0,0465;1,5202;0,1745;0,0103;-0,2224;0,0101;-0,9748;;False
670,60;11.11;pa010​;20250411_094227;1;TUG2;0,0468;1,5201;0,1761;0,0099;-0,2227;0,0101;-0,9748;;False
670,61;11.12;pa010​;20250411_094227;1;TUG2;0,0470;1,5199;0,1775;0,0093;-0,2228;0,0098;-0,9748;;False
670,63;11.14;pa010​;20250411_094227;1;TUG2;0,0471;1,5197;0,1790;0,0077;-0,2224;0,0091;-0,9749;;False
670,64;11.15;pa010​;20250411_094227;1;TUG2;0,0472;1,5196;0,1805;0,0062;-0,2217;0,0086;-0,9751;;False
670,66;11.17;pa010​;20250411_094227;1;TUG2;0,0473;1,5197;0,1820;0,0053;-0,2213;0,0082;-0,9752;;False
670,67;11.18;pa010​;20250411_094227;1;TUG2;0,0474;1,5198;0,1836;0,0052;-0,2208;0,0079;-0,9753;;False
670,68;11.19;pa010​;20250411_094227;1;TUG2;0,0477;1,5201;0,1852;0,0058;-0,2199;0,0072;-0,9755;;False
670,70;11.21;pa010​;20250411_094227;1;TUG2;0,0480;1,5205;0,1870;0,0070;-0,2193;0,0069;-0,9756;;False
670,71;11.22;pa010​;20250411_094227;1;TUG2;0,0485;1,5207;0,1888;0,0086;-0,2190;0,0065;-0,9757;;False
670,73;11.23;pa010​;20250411_094227;1;TUG2;0,0490;1,5207;0,1907;0,0095;-0,2191;0,0063;-0,9756;;False
670,74;11.25;pa010​;20250411_094227;1;TUG2;0,0495;1,5208;0,1929;0,0100;-0,2189;0,0057;-0,9757;;False
670,75;11.26;pa010​;20250411_094227;1;TUG2;0,0500;1,5205;0,1951;0,0103;-0,2186;0,0055;-0,9758;;False
670,77;11.28;pa010​;20250411_094227;1;TUG2;0,0504;1,5200;0,1972;0,0095;-0,2181;0,0061;-0,9759;;False
670,78;11.29;pa010​;20250411_094227;1;TUG2;0,0509;1,5194;0,1994;0,0080;-0,2174;0,0067;-0,9760;;False
670,80;11.3;pa010​;20250411_094227;1;TUG2;0,0514;1,5189;0,2016;0,0053;-0,2165;0,0075;-0,9762;;False
670,81;11.32;pa010​;20250411_094227;1;TUG2;0,0519;1,5184;0,2037;0,0030;-0,2158;0,0074;-0,9764;;False
670,82;11.33;pa010​;20250411_094227;1;TUG2;0,0525;1,5179;0,2059;0,0011;-0,2155;0,0078;-0,9765;;False
670,84;11.35;pa010​;20250411_094227;1;TUG2;0,0531;1,5176;0,2081;-0,0003;-0,2158;0,0077;-0,9764;;False
670,85;11.36;pa010​;20250411_094227;1;TUG2;0,0537;1,5174;0,2103;-0,0008;-0,2163;0,0078;-0,9763;;False
670,86;11.37;pa010​;20250411_094227;1;TUG2;0,0542;1,5170;0,2125;-0,0020;-0,2170;0,0079;-0,9761;;False
670,88;11.39;pa010​;20250411_094227;1;TUG2;0,0547;1,5166;0,2148;-0,0035;-0,2171;0,0078;-0,9761;;False
670,89;11.4;pa010​;20250411_094227;1;TUG2;0,0550;1,5161;0,2170;-0,0049;-0,2169;0,0079;-0,9762;;False
670,91;11.41;pa010​;20250411_094227;1;TUG2;0,0552;1,5156;0,2192;-0,0061;-0,2164;0,0082;-0,9762;;False
670,92;11.43;pa010​;20250411_094227;1;TUG2;0,0554;1,5152;0,2212;-0,0072;-0,2154;0,0084;-0,9765;;False
670,93;11.44;pa010​;20250411_094227;1;TUG2;0,0556;1,5147;0,2232;-0,0080;-0,2143;0,0089;-0,9767;;False
670,95;11.46;pa010​;20250411_094227;1;TUG2;0,0558;1,5143;0,2250;-0,0089;-0,2132;0,0097;-0,9769;;False
670,96;11.47;pa010​;20250411_094227;1;TUG2;0,0560;1,5138;0,2268;-0,0098;-0,2125;0,0102;-0,9771;;False
670,98;11.48;pa010​;20250411_094227;1;TUG2;0,0563;1,5134;0,2286;-0,0107;-0,2121;0,0107;-0,9771;;False
670,99;11.5;pa010​;20250411_094227;1;TUG2;0,0564;1,5130;0,2305;-0,0118;-0,2119;0,0110;-0,9772;;False
671,00;11.51;pa010​;20250411_094227;1;TUG2;0,0565;1,5125;0,2324;-0,0131;-0,2120;0,0111;-0,9771;;False
671,02;11.53;pa010​;20250411_094227;1;TUG2;0,0566;1,5120;0,2342;-0,0145;-0,2120;0,0111;-0,9771;;False
671,03;11.54;pa010​;20250411_094227;1;TUG2;0,0565;1,5116;0,2361;-0,0155;-0,2118;0,0107;-0,9771;;False
671,05;11.55;pa010​;20250411_094227;1;TUG2;0,0564;1,5113;0,2379;-0,0157;-0,2114;0,0102;-0,9772;;False
671,06;11.57;pa010​;20250411_094227;1;TUG2;0,0561;1,5109;0,2396;-0,0156;-0,2109;0,0097;-0,9773;;False
671,07;11.58;pa010​;20250411_094227;1;TUG2;0,0558;1,5106;0,2411;-0,0153;-0,2107;0,0093;-0,9774;;False
671,09;11.6;pa010​;20250411_094227;1;TUG2;0,0556;1,5102;0,2426;-0,0154;-0,2104;0,0098;-0,9774;;False
671,10;11.61;pa010​;20250411_094227;1;TUG2;0,0554;1,5098;0,2439;-0,0156;-0,2103;0,0103;-0,9775;;False
671,11;11.62;pa010​;20250411_094227;1;TUG2;0,0553;1,5096;0,2450;-0,0159;-0,2099;0,0105;-0,9775;;False
671,13;11.64;pa010​;20250411_094227;1;TUG2;0,0550;1,5093;0,2459;-0,0164;-0,2095;0,0109;-0,9776;;False
671,14;11.65;pa010​;20250411_094227;1;TUG2;0,0547;1,5090;0,2468;-0,0174;-0,2091;0,0110;-0,9777;;False
671,16;11.67;pa010​;20250411_094227;1;TUG2;0,0544;1,5088;0,2476;-0,0179;-0,2083;0,0101;-0,9779;;False
671,17;11.68;pa010​;20250411_094227;1;TUG2;0,0540;1,5086;0,2484;-0,0181;-0,2080;0,0096;-0,9779;;False
671,18;11.69;pa010​;20250411_094227;1;TUG2;0,0536;1,5084;0,2491;-0,0182;-0,2080;0,0092;-0,9779;;False
671,20;11.71;pa010​;20250411_094227;1;TUG2;0,0531;1,5083;0,2499;-0,0178;-0,2083;0,0086;-0,9779;;False
671,21;11.72;pa010​;20250411_094227;1;TUG2;0,0527;1,5083;0,2505;-0,0172;-0,2080;0,0082;-0,9779;;False
671,23;11.73;pa010​;20250411_094227;1;TUG2;0,0523;1,5080;0,2509;-0,0175;-0,2078;0,0080;-0,9780;;False
671,24;11.75;pa010​;20250411_094227;1;TUG2;0,0518;1,5080;0,2513;-0,0180;-0,2072;0,0077;-0,9781;;False
671,26;11.76;pa010​;20250411_094227;1;TUG2;0,0512;1,5078;0,2516;-0,0179;-0,2058;0,0076;-0,9784;;False
671,27;11.78;pa010​;20250411_094227;1;TUG2;0,0507;1,5077;0,2518;-0,0186;-0,2044;0,0071;-0,9787;;False
671,28;11.79;pa010​;20250411_094227;1;TUG2;0,0502;1,5076;0,2517;-0,0192;-0,2031;0,0071;-0,9790;;False
671,30;11.8;pa010​;20250411_094227;1;TUG2;0,0497;1,5074;0,2515;-0,0204;-0,2024;0,0081;-0,9791;;False
671,31;11.82;pa010​;20250411_094227;1;TUG2;0,0492;1,5072;0,2511;-0,0216;-0,2019;0,0088;-0,9791;;False
671,32;11.83;pa010​;20250411_094227;1;TUG2;0,0487;1,5070;0,2507;-0,0231;-0,2018;0,0090;-0,9791;;False
671,34;11.85;pa010​;20250411_094227;1;TUG2;0,0482;1,5069;0,2500;-0,0246;-0,2018;0,0094;-0,9791;;False
671,35;11.86;pa010​;20250411_094227;1;TUG2;0,0479;1,5068;0,2493;-0,0255;-0,2017;0,0096;-0,9791;;False
671,36;11.87;pa010​;20250411_094227;1;TUG2;0,0477;1,5068;0,2484;-0,0260;-0,2018;0,0095;-0,9790;;False
671,38;11.89;pa010​;20250411_094227;1;TUG2;0,0476;1,5069;0,2474;-0,0259;-0,2026;0,0094;-0,9789;;False
671,39;11.9;pa010​;20250411_094227;1;TUG2;0,0475;1,5071;0,2463;-0,0260;-0,2033;0,0092;-0,9787;;False
671,41;11.92;pa010​;20250411_094227;1;TUG2;0,0475;1,5074;0,2454;-0,0258;-0,2041;0,0092;-0,9786;;False
671,42;11.93;pa010​;20250411_094227;1;TUG2;0,0473;1,5075;0,2445;-0,0257;-0,2046;0,0094;-0,9785;;False
671,43;11.94;pa010​;20250411_094227;1;TUG2;0,0470;1,5075;0,2436;-0,0260;-0,2047;0,0101;-0,9784;;False
671,45;11.96;pa010​;20250411_094227;1;TUG2;0,0467;1,5076;0,2428;-0,0268;-0,2039;0,0105;-0,9786;;False
671,46;11.97;pa010​;20250411_094227;1;TUG2;0,0462;1,5075;0,2421;-0,0268;-0,2029;0,0109;-0,9788;;False
671,48;11.98;pa010​;20250411_094227;1;TUG2;0,0458;1,5076;0,2414;-0,0267;-0,2012;0,0117;-0,9791;;False
671,49;12.0;pa010​;20250411_094227;1;TUG2;0,0455;1,5076;0,2407;-0,0262;-0,1996;0,0126;-0,9794;;False
671,50;12.01;pa010​;20250411_094227;1;TUG2;0,0452;1,5076;0,2401;-0,0253;-0,1982;0,0134;-0,9797;;False
671,52;12.03;pa010​;20250411_094227;1;TUG2;0,0451;1,5075;0,2394;-0,0248;-0,1973;0,0142;-0,9799;;False
671,53;12.04;pa010​;20250411_094227;1;TUG2;0,0449;1,5072;0,2386;-0,0257;-0,1969;0,0151;-0,9800;;False
671,54;12.05;pa010​;20250411_094227;1;TUG2;0,0450;1,5070;0,2381;-0,0267;-0,1968;0,0159;-0,9799;;False
671,56;12.07;pa010​;20250411_094227;1;TUG2;0,0451;1,5069;0,2377;-0,0265;-0,1977;0,0160;-0,9798;;False
671,57;12.08;pa010​;20250411_094227;1;TUG2;0,0452;1,5067;0,2373;-0,0265;-0,1985;0,0158;-0,9796;;False
671,59;12.1;pa010​;20250411_094227;1;TUG2;0,0454;1,5064;0,2370;-0,0270;-0,1998;0,0157;-0,9793;;False
671,60;12.11;pa010​;20250411_094227;1;TUG2;0,0455;1,5063;0,2369;-0,0277;-0,2011;0,0155;-0,9791;;False
671,61;12.12;pa010​;20250411_094227;1;TUG2;0,0457;1,5061;0,2366;-0,0282;-0,2020;0,0156;-0,9788;;False
671,63;12.14;pa010​;20250411_094227;1;TUG2;0,0459;1,5060;0,2366;-0,0289;-0,2028;0,0161;-0,9787;;False
671,64;12.15;pa010​;20250411_094227;1;TUG2;0,0460;1,5058;0,2365;-0,0293;-0,2032;0,0164;-0,9786;;False
671,66;12.17;pa010​;20250411_094227;1;TUG2;0,0462;1,5056;0,2362;-0,0296;-0,2036;0,0166;-0,9785;;False
671,67;12.18;pa010​;20250411_094227;1;TUG2;0,0463;1,5054;0,2362;-0,0301;-0,2038;0,0168;-0,9784;;False
671,68;12.19;pa010​;20250411_094227;1;TUG2;0,0463;1,5052;0,2363;-0,0302;-0,2038;0,0166;-0,9784;;False
671,70;12.21;pa010​;20250411_094227;1;TUG2;0,0462;1,5050;0,2364;-0,0300;-0,2041;0,0160;-0,9784;;False
671,71;12.22;pa010​;20250411_094227;1;TUG2;0,0461;1,5047;0,2364;-0,0305;-0,2043;0,0159;-0,9783;;False
671,73;12.23;pa010​;20250411_094227;1;TUG2;0,0459;1,5045;0,2364;-0,0314;-0,2043;0,0157;-0,9783;;False
671,74;12.25;pa010​;20250411_094227;1;TUG2;0,0456;1,5040;0,2363;-0,0332;-0,2043;0,0158;-0,9782;;False
671,75;12.26;pa010​;20250411_094227;1;TUG2;0,0455;1,5039;0,2364;-0,0337;-0,2046;0,0162;-0,9781;;False
671,77;12.28;pa010​;20250411_094227;1;TUG2;0,0453;1,5037;0,2364;-0,0339;-0,2042;0,0166;-0,9782;;False
671,78;12.29;pa010​;20250411_094227;1;TUG2;0,0452;1,5035;0,2363;-0,0348;-0,2038;0,0169;-0,9782;;False
671,79;12.3;pa010​;20250411_094227;1;TUG2;0,0451;1,5033;0,2363;-0,0353;-0,2029;0,0170;-0,9784;;False
671,81;12.32;pa010​;20250411_094227;1;TUG2;0,0449;1,5032;0,2364;-0,0359;-0,2019;0,0172;-0,9786;;False
671,82;12.33;pa010​;20250411_094227;1;TUG2;0,0447;1,5032;0,2365;-0,0361;-0,2010;0,0172;-0,9788;;False
671,84;12.35;pa010​;20250411_094227;1;TUG2;0,0445;1,5030;0,2366;-0,0367;-0,2003;0,0180;-0,9789;;False
671,85;12.36;pa010​;20250411_094227;1;TUG2;0,0443;1,5029;0,2368;-0,0373;-0,1998;0,0185;-0,9789;;False
671,87;12.37;pa010​;20250411_094227;1;TUG2;0,0442;1,5027;0,2369;-0,0376;-0,1993;0,0189;-0,9790;;False
671,88;12.39;pa010​;20250411_094227;1;TUG2;0,0441;1,5026;0,2369;-0,0381;-0,1990;0,0190;-0,9791;;False
671,89;12.4;pa010​;20250411_094227;1;TUG2;0,0441;1,5024;0,2369;-0,0384;-0,1985;0,0192;-0,9792;;False
671,91;12.41;pa010​;20250411_094227;1;TUG2;0,0440;1,5022;0,2368;-0,0387;-0,1984;0,0191;-0,9792;;False
671,92;12.43;pa010​;20250411_094227;1;TUG2;0,0441;1,5021;0,2368;-0,0387;-0,1984;0,0189;-0,9792;;False
671,93;12.44;pa010​;20250411_094227;1;TUG2;0,0441;1,5019;0,2369;-0,0392;-0,1985;0,0189;-0,9791;;False
671,95;12.46;pa010​;20250411_094227;1;TUG2;0,0440;1,5018;0,2370;-0,0395;-0,1983;0,0187;-0,9792;;False
671,96;12.47;pa010​;20250411_094227;1;TUG2;0,0440;1,5016;0,2370;-0,0411;-0,1980;0,0186;-0,9792;;False
671,98;12.49;pa010​;20250411_094227;1;TUG2;0,0439;1,5014;0,2371;-0,0418;-0,1978;0,0186;-0,9792;;False
671,99;12.5;pa010​;20250411_094227;1;TUG2;0,0439;1,5012;0,2373;-0,0424;-0,1974;0,0188;-0,9792;;False
672,00;12.51;pa010​;20250411_094227;1;TUG2;0,0438;1,5010;0,2374;-0,0434;-0,1968;0,0192;-0,9793;;False
672,02;12.53;pa010​;20250411_094227;1;TUG2;0,0437;1,5008;0,2374;-0,0440;-0,1959;0,0196;-0,9794;;False
672,03;12.54;pa010​;20250411_094227;1;TUG2;0,0437;1,5007;0,2374;-0,0443;-0,1953;0,0199;-0,9795;;False
672,05;12.55;pa010​;20250411_094227;1;TUG2;0,0437;1,5005;0,2375;-0,0443;-0,1947;0,0201;-0,9796;;False
672,06;12.57;pa010​;20250411_094227;1;TUG2;0,0438;1,5004;0,2375;-0,0444;-0,1941;0,0204;-0,9798;;False
672,07;12.58;pa010​;20250411_094227;1;TUG2;0,0438;1,5002;0,2375;-0,0450;-0,1937;0,0208;-0,9798;;False
672,09;12.6;pa010​;20250411_094227;1;TUG2;0,0439;1,4999;0,2375;-0,0457;-0,1937;0,0211;-0,9798;;False
672,10;12.61;pa010​;20250411_094227;1;TUG2;0,0440;1,4996;0,2374;-0,0462;-0,1936;0,0214;-0,9798;;False
672,11;12.62;pa010​;20250411_094227;1;TUG2;0,0441;1,4994;0,2373;-0,0467;-0,1940;0,0212;-0,9797;;False
672,13;12.64;pa010​;20250411_094227;1;TUG2;0,0443;1,4991;0,2372;-0,0470;-0,1942;0,0209;-0,9796;;False
672,14;12.65;pa010​;20250411_094227;1;TUG2;0,0444;1,4990;0,2371;-0,0472;-0,1943;0,0204;-0,9796;;False
672,16;12.67;pa010​;20250411_094227;1;TUG2;0,0445;1,4989;0,2370;-0,0473;-0,1942;0,0201;-0,9796;;False
672,17;12.68;pa010​;20250411_094227;1;TUG2;0,0445;1,4987;0,2369;-0,0477;-0,1939;0,0200;-0,9797;;False
672,18;12.69;pa010​;20250411_094227;1;TUG2;0,0446;1,4987;0,2368;-0,0480;-0,1935;0,0201;-0,9797;;False
672,20;12.71;pa010​;20250411_094227;1;TUG2;0,0446;1,4986;0,2367;-0,0481;-0,1928;0,0201;-0,9798;;False
672,21;12.72;pa010​;20250411_094227;1;TUG2;0,0447;1,4984;0,2367;-0,0479;-0,1924;0,0203;-0,9799;;False
672,23;12.73;pa010​;20250411_094227;1;TUG2;0,0449;1,4983;0,2366;-0,0476;-0,1921;0,0207;-0,9800;;False
672,24;12.75;pa010​;20250411_094227;1;TUG2;0,0451;1,4982;0,2364;-0,0474;-0,1920;0,0208;-0,9800;;False
672,25;12.76;pa010​;20250411_094227;1;TUG2;0,0453;1,4982;0,2363;-0,0474;-0,1920;0,0211;-0,9800;;False
672,27;12.78;pa010​;20250411_094227;1;TUG2;0,0456;1,4981;0,2361;-0,0476;-0,1923;0,0213;-0,9799;;False
672,28;12.79;pa010​;20250411_094227;1;TUG2;0,0459;1,4979;0,2358;-0,0479;-0,1923;0,0216;-0,9799;;False
672,30;12.8;pa010​;20250411_094227;1;TUG2;0,0462;1,4979;0,2357;-0,0486;-0,1925;0,0217;-0,9798;;False
672,31;12.82;pa010​;20250411_094227;1;TUG2;0,0464;1,4978;0,2356;-0,0490;-0,1927;0,0218;-0,9798;;False
672,32;12.83;pa010​;20250411_094227;1;TUG2;0,0466;1,4977;0,2354;-0,0495;-0,1928;0,0218;-0,9797;;False
672,34;12.85;pa010​;20250411_094227;1;TUG2;0,0468;1,4976;0,2352;-0,0500;-0,1927;0,0218;-0,9797;;False
672,35;12.86;pa010​;20250411_094227;1;TUG2;0,0471;1,4975;0,2351;-0,0498;-0,1925;0,0215;-0,9798;;False
672,36;12.87;pa010​;20250411_094227;1;TUG2;0,0473;1,4975;0,2349;-0,0496;-0,1926;0,0217;-0,9798;;False
672,38;12.89;pa010​;20250411_094227;1;TUG2;0,0476;1,4974;0,2347;-0,0492;-0,1927;0,0225;-0,9798;;False
672,39;12.9;pa010​;20250411_094227;1;TUG2;0,0480;1,4973;0,2345;-0,0494;-0,1926;0,0227;-0,9798;;False
672,41;12.92;pa010​;20250411_094227;1;TUG2;0,0484;1,4972;0,2342;-0,0497;-0,1925;0,0231;-0,9798;;False
672,42;12.93;pa010​;20250411_094227;1;TUG2;0,0488;1,4971;0,2340;-0,0501;-0,1926;0,0237;-0,9797;;False
672,43;12.94;pa010​;20250411_094227;1;TUG2;0,0492;1,4970;0,2337;-0,0501;-0,1928;0,0238;-0,9797;;False
672,45;12.96;pa010​;20250411_094227;1;TUG2;0,0496;1,4970;0,2333;-0,0503;-0,1931;0,0235;-0,9796;;False
672,46;12.97;pa010​;20250411_094227;1;TUG2;0,0499;1,4970;0,2329;-0,0503;-0,1940;0,0233;-0,9794;;False
672,48;12.98;pa010​;20250411_094227;1;TUG2;0,0503;1,4971;0,2326;-0,0504;-0,1945;0,0229;-0,9793;;False
672,49;13.0;pa010​;20250411_094227;1;TUG2;0,0506;1,4971;0,2323;-0,0503;-0,1949;0,0226;-0,9793;;False
672,50;13.01;pa010​;20250411_094227;1;TUG2;0,0509;1,4972;0,2321;-0,0505;-0,1954;0,0225;-0,9792;;False
672,52;13.03;pa010​;20250411_094227;1;TUG2;0,0512;1,4973;0,2316;-0,0502;-0,1954;0,0224;-0,9792;;False
672,53;13.04;pa010​;20250411_094227;1;TUG2;0,0516;1,4974;0,2311;-0,0502;-0,1952;0,0230;-0,9792;;False
672,54;13.05;pa010​;20250411_094227;1;TUG2;0,0518;1,4974;0,2307;-0,0503;-0,1950;0,0235;-0,9792;;False
672,56;13.07;pa010​;20250411_094227;1;TUG2;0,0522;1,4976;0,2302;-0,0497;-0,1947;0,0241;-0,9793;;False
672,57;13.08;pa010​;20250411_094227;1;TUG2;0,0526;1,4977;0,2298;-0,0490;-0,1945;0,0245;-0,9794;;False
672,59;13.09;pa010​;20250411_094227;1;TUG2;0,0531;1,4980;0,2294;-0,0482;-0,1949;0,0245;-0,9793;;False
672,60;13.11;pa010​;20250411_094227;1;TUG2;0,0537;1,4983;0,2290;-0,0479;-0,1957;0,0244;-0,9792;;False
672,61;13.12;pa010​;20250411_094227;1;TUG2;0,0541;1,4983;0,2285;-0,0478;-0,1965;0,0242;-0,9790;;False
672,63;13.14;pa010​;20250411_094227;1;TUG2;0,0543;1,4984;0,2281;-0,0481;-0,1972;0,0239;-0,9789;;False
672,64;13.15;pa010​;20250411_094227;1;TUG2;0,0546;1,4985;0,2279;-0,0486;-0,1974;0,0236;-0,9788;;False
672,66;13.16;pa010​;20250411_094227;1;TUG2;0,0548;1,4986;0,2277;-0,0486;-0,1975;0,0236;-0,9788;;False
672,67;13.18;pa010​;20250411_094227;1;TUG2;0,0550;1,4987;0,2276;-0,0488;-0,1973;0,0238;-0,9788;;False
672,68;13.19;pa010​;20250411_094227;1;TUG2;0,0551;1,4988;0,2274;-0,0487;-0,1971;0,0238;-0,9789;;False
672,70;13.21;pa010​;20250411_094227;1;TUG2;0,0552;1,4989;0,2271;-0,0484;-0,1967;0,0239;-0,9790;;False
672,71;13.22;pa010​;20250411_094227;1;TUG2;0,0554;1,4990;0,2269;-0,0481;-0,1961;0,0241;-0,9791;;False
672,73;13.23;pa010​;20250411_094227;1;TUG2;0,0556;1,4991;0,2266;-0,0481;-0,1959;0,0242;-0,9791;;False
672,74;13.25;pa010​;20250411_094227;1;TUG2;0,0557;1,4992;0,2265;-0,0481;-0,1959;0,0242;-0,9791;;False
672,75;13.26;pa010​;20250411_094227;1;TUG2;0,0559;1,4992;0,2264;-0,0481;-0,1961;0,0243;-0,9791;;False
672,77;13.28;pa010​;20250411_094227;1;TUG2;0,0561;1,4992;0,2263;-0,0481;-0,1963;0,0243;-0,9791;;False
672,78;13.29;pa010​;20250411_094227;1;TUG2;0,0563;1,4992;0,2263;-0,0481;-0,1964;0,0243;-0,9790;;False
672,79;13.3;pa010​;20250411_094227;1;TUG2;0,0564;1,4992;0,2264;-0,0480;-0,1963;0,0243;-0,9791;;False
672,81;13.32;pa010​;20250411_094227;1;TUG2;0,0565;1,4992;0,2264;-0,0481;-0,1960;0,0244;-0,9791;;False
672,82;13.33;pa010​;20250411_094227;1;TUG2;0,0565;1,4993;0,2264;-0,0480;-0,1954;0,0246;-0,9792;;False
672,84;13.35;pa010​;20250411_094227;1;TUG2;0,0565;1,4993;0,2264;-0,0480;-0,1948;0,0249;-0,9794;;False
672,85;13.36;pa010​;20250411_094227;1;TUG2;0,0566;1,4993;0,2264;-0,0481;-0,1946;0,0250;-0,9794;;False
672,86;13.37;pa010​;20250411_094227;1;TUG2;0,0567;1,4994;0,2264;-0,0483;-0,1947;0,0253;-0,9794;;False
672,88;13.39;pa010​;20250411_094227;1;TUG2;0,0568;1,4994;0,2263;-0,0483;-0,1948;0,0253;-0,9793;;False
672,89;13.4;pa010​;20250411_094227;1;TUG2;0,0570;1,4993;0,2262;-0,0484;-0,1948;0,0253;-0,9793;;False
672,91;13.42;pa010​;20250411_094227;1;TUG2;0,0573;1,4993;0,2262;-0,0486;-0,1949;0,0249;-0,9793;;False
672,92;13.43;pa010​;20250411_094227;1;TUG2;0,0575;1,4993;0,2262;-0,0483;-0,1951;0,0249;-0,9793;;False
672,93;13.44;pa010​;20250411_094227;1;TUG2;0,0578;1,4993;0,2263;-0,0482;-0,1955;0,0257;-0,9792;;False
672,95;13.46;pa010​;20250411_094227;1;TUG2;0,0581;1,4993;0,2262;-0,0483;-0,1960;0,0259;-0,9791;;False
672,96;13.47;pa010​;20250411_094227;1;TUG2;0,0585;1,4992;0,2262;-0,0484;-0,1963;0,0261;-0,9790;;False
672,98;13.48;pa010​;20250411_094227;1;TUG2;0,0588;1,4991;0,2261;-0,0486;-0,1967;0,0263;-0,9789;;False
672,99;13.5;pa010​;20250411_094227;1;TUG2;0,0592;1,4989;0,2261;-0,0491;-0,1969;0,0263;-0,9788;;False
673,00;13.51;pa010​;20250411_094227;1;TUG2;0,0596;1,4989;0,2261;-0,0496;-0,1973;0,0263;-0,9787;;False
673,02;13.53;pa010​;20250411_094227;1;TUG2;0,0598;1,4988;0,2261;-0,0499;-0,1977;0,0261;-0,9786;;False
673,03;13.54;pa010​;20250411_094227;1;TUG2;0,0601;1,4987;0,2261;-0,0501;-0,1980;0,0261;-0,9786;;False
673,04;13.55;pa010​;20250411_094227;1;TUG2;0,0604;1,4986;0,2260;-0,0502;-0,1980;0,0262;-0,9786;;False
673,06;13.57;pa010​;20250411_094227;1;TUG2;0,0606;1,4985;0,2259;-0,0504;-0,1978;0,0267;-0,9786;;False
673,07;13.58;pa010​;20250411_094227;1;TUG2;0,0608;1,4985;0,2258;-0,0505;-0,1973;0,0274;-0,9787;;False
673,09;13.6;pa010​;20250411_094227;1;TUG2;0,0610;1,4986;0,2257;-0,0501;-0,1971;0,0281;-0,9787;;False
673,10;13.61;pa010​;20250411_094227;1;TUG2;0,0613;1,4987;0,2255;-0,0499;-0,1970;0,0289;-0,9787;;False
673,11;13.62;pa010​;20250411_094227;1;TUG2;0,0618;1,4987;0,2253;-0,0496;-0,1971;0,0295;-0,9787;;False
673,13;13.64;pa010​;20250411_094227;1;TUG2;0,0622;1,4986;0,2252;-0,0495;-0,1976;0,0299;-0,9786;;False
673,14;13.65;pa010​;20250411_094227;1;TUG2;0,0627;1,4986;0,2250;-0,0495;-0,1984;0,0304;-0,9784;;False
673,16;13.67;pa010​;20250411_094227;1;TUG2;0,0630;1,4985;0,2249;-0,0496;-0,1992;0,0304;-0,9782;;False
673,17;13.68;pa010​;20250411_094227;1;TUG2;0,0634;1,4985;0,2248;-0,0497;-0,2000;0,0302;-0,9781;;False
673,18;13.69;pa010​;20250411_094227;1;TUG2;0,0637;1,4984;0,2247;-0,0499;-0,2007;0,0302;-0,9779;;False
673,20;13.71;pa010​;20250411_094227;1;TUG2;0,0640;1,4983;0,2246;-0,0503;-0,2010;0,0304;-0,9778;;False
673,21;13.72;pa010​;20250411_094227;1;TUG2;0,0643;1,4983;0,2245;-0,0507;-0,2013;0,0307;-0,9777;;False
673,23;13.74;pa010​;20250411_094227;1;TUG2;0,0645;1,4983;0,2243;-0,0510;-0,2015;0,0312;-0,9777;;False
673,24;13.75;pa010​;20250411_094227;1;TUG2;0,0647;1,4983;0,2241;-0,0514;-0,2016;0,0318;-0,9776;;False
673,25;13.76;pa010​;20250411_094227;1;TUG2;0,0649;1,4982;0,2240;-0,0515;-0,2018;0,0320;-0,9776;;False
673,27;13.78;pa010​;20250411_094227;1;TUG2;0,0650;1,4983;0,2237;-0,0512;-0,2019;0,0323;-0,9775;;False
673,28;13.79;pa010​;20250411_094227;1;TUG2;0,0650;1,4988;0,2232;-0,0508;-0,2020;0,0322;-0,9775;;False
673,30;13.8;pa010​;20250411_094227;1;TUG2;0,0650;1,4992;0,2228;-0,0502;-0,2022;0,0320;-0,9775;;False
673,31;13.82;pa010​;20250411_094227;1;TUG2;0,0650;1,4995;0,2224;-0,0493;-0,2026;0,0319;-0,9775;;False
673,32;13.83;pa010​;20250411_094227;1;TUG2;0,0649;1,4998;0,2219;-0,0485;-0,2032;0,0315;-0,9774;;False
673,34;13.85;pa010​;20250411_094227;1;TUG2;0,0649;1,5001;0,2213;-0,0479;-0,2039;0,0312;-0,9773;;False
673,35;13.86;pa010​;20250411_094227;1;TUG2;0,0647;1,5004;0,2209;-0,0474;-0,2046;0,0307;-0,9772;;False
673,37;13.87;pa010​;20250411_094227;1;TUG2;0,0645;1,5008;0,2204;-0,0466;-0,2052;0,0304;-0,9771;;False
673,38;13.89;pa010​;20250411_094227;1;TUG2;0,0644;1,5011;0,2199;-0,0460;-0,2053;0,0304;-0,9771;;False
673,39;13.9;pa010​;20250411_094227;1;TUG2;0,0642;1,5014;0,2195;-0,0456;-0,2051;0,0305;-0,9772;;False
673,41;13.92;pa010​;20250411_094227;1;TUG2;0,0640;1,5016;0,2190;-0,0452;-0,2047;0,0305;-0,9773;;False
673,42;13.93;pa010​;20250411_094227;1;TUG2;0,0638;1,5017;0,2185;-0,0449;-0,2044;0,0309;-0,9774;;False
673,43;13.94;pa010​;20250411_094227;1;TUG2;0,0636;1,5017;0,2180;-0,0448;-0,2040;0,0311;-0,9775;;False
673,45;13.96;pa010​;20250411_094227;1;TUG2;0,0635;1,5016;0,2176;-0,0452;-0,2036;0,0312;-0,9775;;False
673,46;13.97;pa010​;20250411_094227;1;TUG2;0,0634;1,5013;0,2172;-0,0459;-0,2036;0,0317;-0,9775;;False
673,48;13.98;pa010​;20250411_094227;1;TUG2;0,0633;1,5010;0,2167;-0,0472;-0,2039;0,0331;-0,9773;;False
673,49;14.0;pa010​;20250411_094227;1;TUG2;0,0633;1,5008;0,2162;-0,0485;-0,2042;0,0340;-0,9771;;False
673,50;14.01;pa010​;20250411_094227;1;TUG2;0,0633;1,5007;0,2156;-0,0495;-0,2047;0,0344;-0,9770;;False
673,52;14.03;pa010​;20250411_094227;1;TUG2;0,0633;1,5007;0,2150;-0,0500;-0,2051;0,0343;-0,9769;;False
673,53;14.04;pa010​;20250411_094227;1;TUG2;0,0632;1,5008;0,2144;-0,0499;-0,2057;0,0341;-0,9768;;False
673,55;14.05;pa010​;20250411_094227;1;TUG2;0,0630;1,5009;0,2138;-0,0496;-0,2060;0,0339;-0,9767;;False
673,56;14.07;pa010​;20250411_094227;1;TUG2;0,0627;1,5011;0,2132;-0,0491;-0,2062;0,0336;-0,9767;;False
673,57;14.08;pa010​;20250411_094227;1;TUG2;0,0624;1,5013;0,2126;-0,0485;-0,2059;0,0333;-0,9768;;False
673,59;14.1;pa010​;20250411_094227;1;TUG2;0,0622;1,5015;0,2121;-0,0476;-0,2056;0,0330;-0,9769;;False
673,60;14.11;pa010​;20250411_094227;1;TUG2;0,0619;1,5017;0,2116;-0,0468;-0,2053;0,0329;-0,9770;;False
673,61;14.12;pa010​;20250411_094227;1;TUG2;0,0618;1,5018;0,2111;-0,0461;-0,2050;0,0329;-0,9771;;False
673,63;14.14;pa010​;20250411_094227;1;TUG2;0,0616;1,5019;0,2107;-0,0455;-0,2048;0,0332;-0,9772;;False
673,64;14.15;pa010​;20250411_094227;1;TUG2;0,0615;1,5020;0,2103;-0,0454;-0,2048;0,0338;-0,9772;;False
673,66;14.16;pa010​;20250411_094227;1;TUG2;0,0615;1,5021;0,2100;-0,0454;-0,2050;0,0341;-0,9771;;False
673,67;14.18;pa010​;20250411_094227;1;TUG2;0,0616;1,5021;0,2097;-0,0454;-0,2052;0,0345;-0,9770;;False
673,68;14.19;pa010​;20250411_094227;1;TUG2;0,0616;1,5020;0,2095;-0,0459;-0,2058;0,0349;-0,9769;;False
673,70;14.21;pa010​;20250411_094227;1;TUG2;0,0617;1,5019;0,2093;-0,0465;-0,2065;0,0350;-0,9767;;False
673,71;14.22;pa010​;20250411_094227;1;TUG2;0,0617;1,5019;0,2091;-0,0469;-0,2073;0,0349;-0,9765;;False
673,73;14.23;pa010​;20250411_094227;1;TUG2;0,0618;1,5018;0,2090;-0,0472;-0,2083;0,0346;-0,9763;;False
673,74;14.25;pa010​;20250411_094227;1;TUG2;0,0619;1,5016;0,2090;-0,0478;-0,2095;0,0345;-0,9760;;False
673,75;14.26;pa010​;20250411_094227;1;TUG2;0,0621;1,5014;0,2091;-0,0482;-0,2101;0,0346;-0,9759;;False
673,77;14.28;pa010​;20250411_094227;1;TUG2;0,0622;1,5011;0,2092;-0,0485;-0,2109;0,0350;-0,9757;;False
673,78;14.29;pa010​;20250411_094227;1;TUG2;0,0623;1,5010;0,2093;-0,0486;-0,2116;0,0352;-0,9755;;False
673,79;14.3;pa010​;20250411_094227;1;TUG2;0,0624;1,5009;0,2094;-0,0487;-0,2118;0,0359;-0,9754;;False
673,81;14.32;pa010​;20250411_094227;1;TUG2;0,0624;1,5008;0,2096;-0,0489;-0,2119;0,0363;-0,9754;;False
673,82;14.33;pa010​;20250411_094227;1;TUG2;0,0623;1,5008;0,2097;-0,0487;-0,2119;0,0365;-0,9754;;False
673,84;14.35;pa010​;20250411_094227;1;TUG2;0,0623;1,5007;0,2098;-0,0486;-0,2119;0,0368;-0,9754;;False
673,85;14.36;pa010​;20250411_094227;1;TUG2;0,0623;1,5006;0,2099;-0,0486;-0,2122;0,0366;-0,9753;;False
673,86;14.37;pa010​;20250411_094227;1;TUG2;0,0622;1,5004;0,2099;-0,0490;-0,2124;0,0366;-0,9753;;False
673,88;14.39;pa010​;20250411_094227;1;TUG2;0,0621;1,5003;0,2100;-0,0493;-0,2128;0,0360;-0,9752;;False
673,89;14.4;pa010​;20250411_094227;1;TUG2;0,0620;1,5003;0,2102;-0,0495;-0,2132;0,0357;-0,9751;;False
673,91;14.42;pa010​;20250411_094227;1;TUG2;0,0618;1,5002;0,2103;-0,0498;-0,2137;0,0353;-0,9750;;False
673,93;14.44;pa010​;20250411_094227;1;TUG2;0,0614;1,5001;0,2105;-0,0504;-0,2141;0,0347;-0,9749;;False
673,95;14.46;pa010​;20250411_094227;1;TUG2;0,0612;1,5001;0,2106;-0,0506;-0,2141;0,0345;-0,9749;;False
673,96;14.47;pa010​;20250411_094227;1;TUG2;0,0610;1,5001;0,2106;-0,0506;-0,2140;0,0345;-0,9749;;False
673,98;14.48;pa010​;20250411_094227;1;TUG2;0,0607;1,5001;0,2105;-0,0506;-0,2141;0,0347;-0,9749;;False
673,99;14.5;pa010​;20250411_094227;1;TUG2;0,0604;1,5002;0,2104;-0,0504;-0,2142;0,0347;-0,9749;;False
674,00;14.51;pa010​;20250411_094227;1;TUG2;0,0600;1,5003;0,2101;-0,0502;-0,2139;0,0346;-0,9749;;False
674,02;14.53;pa010​;20250411_094227;1;TUG2;0,0597;1,5003;0,2099;-0,0502;-0,2138;0,0345;-0,9750;;False
674,03;14.54;pa010​;20250411_094227;1;TUG2;0,0593;1,5004;0,2096;-0,0502;-0,2140;0,0347;-0,9749;;False
674,05;14.55;pa010​;20250411_094227;1;TUG2;0,0589;1,5005;0,2093;-0,0501;-0,2141;0,0346;-0,9749;;False
674,06;14.57;pa010​;20250411_094227;1;TUG2;0,0586;1,5007;0,2089;-0,0498;-0,2144;0,0338;-0,9749;;False
674,07;14.58;pa010​;20250411_094227;1;TUG2;0,0583;1,5008;0,2086;-0,0490;-0,2148;0,0331;-0,9749;;False
674,09;14.6;pa010​;20250411_094227;1;TUG2;0,0580;1,5011;0,2083;-0,0482;-0,2151;0,0324;-0,9749;;False
674,10;14.61;pa010​;20250411_094227;1;TUG2;0,0577;1,5012;0,2080;-0,0475;-0,2154;0,0323;-0,9748;;False
674,11;14.62;pa010​;20250411_094227;1;TUG2;0,0573;1,5014;0,2077;-0,0469;-0,2157;0,0323;-0,9748;;False
674,13;14.64;pa010​;20250411_094227;1;TUG2;0,0570;1,5014;0,2074;-0,0469;-0,2161;0,0325;-0,9747;;False
674,14;14.65;pa010​;20250411_094227;1;TUG2;0,0568;1,5013;0,2070;-0,0469;-0,2163;0,0324;-0,9747;;False
674,16;14.66;pa010​;20250411_094227;1;TUG2;0,0566;1,5011;0,2066;-0,0470;-0,2169;0,0326;-0,9745;;False
674,17;14.68;pa010​;20250411_094227;1;TUG2;0,0565;1,5010;0,2063;-0,0474;-0,2172;0,0324;-0,9744;;False
674,18;14.69;pa010​;20250411_094227;1;TUG2;0,0563;1,5009;0,2060;-0,0476;-0,2178;0,0320;-0,9743;;False
674,20;14.71;pa010​;20250411_094227;1;TUG2;0,0561;1,5008;0,2057;-0,0477;-0,2181;0,0320;-0,9742;;False
674,21;14.72;pa010​;20250411_094227;1;TUG2;0,0559;1,5009;0,2053;-0,0476;-0,2185;0,0317;-0,9742;;False
674,23;14.73;pa010​;20250411_094227;1;TUG2;0,0557;1,5009;0,2049;-0,0473;-0,2185;0,0317;-0,9742;;False
674,24;14.75;pa010​;20250411_094227;1;TUG2;0,0556;1,5009;0,2044;-0,0471;-0,2186;0,0325;-0,9741;;False
674,25;14.76;pa010​;20250411_094227;1;TUG2;0,0554;1,5010;0,2038;-0,0465;-0,2191;0,0325;-0,9741;;False
674,27;14.78;pa010​;20250411_094227;1;TUG2;0,0554;1,5010;0,2031;-0,0459;-0,2194;0,0328;-0,9740;;False
674,28;14.79;pa010​;20250411_094227;1;TUG2;0,0553;1,5010;0,2025;-0,0458;-0,2202;0,0330;-0,9738;;False
674,29;14.8;pa010​;20250411_094227;1;TUG2;0,0553;1,5010;0,2020;-0,0455;-0,2212;0,0330;-0,9736;;False
674,31;14.82;pa010​;20250411_094227;1;TUG2;0,0551;1,5010;0,2014;-0,0448;-0,2223;0,0330;-0,9734;;False
674,32;14.83;pa010​;20250411_094227;1;TUG2;0,0550;1,5009;0,2009;-0,0447;-0,2235;0,0332;-0,9731;;False
674,34;14.85;pa010​;20250411_094227;1;TUG2;0,0549;1,5009;0,2004;-0,0444;-0,2247;0,0329;-0,9729;;False
674,35;14.86;pa010​;20250411_094227;1;TUG2;0,0546;1,5009;0,2001;-0,0440;-0,2257;0,0327;-0,9727;;False
674,37;14.87;pa010​;20250411_094227;1;TUG2;0,0544;1,5008;0,1998;-0,0439;-0,2266;0,0323;-0,9725;;False
674,38;14.89;pa010​;20250411_094227;1;TUG2;0,0542;1,5007;0,1996;-0,0440;-0,2274;0,0318;-0,9723;;False
674,39;14.9;pa010​;20250411_094227;1;TUG2;0,0541;1,5007;0,1993;-0,0444;-0,2280;0,0317;-0,9721;;False
674,41;14.92;pa010​;20250411_094227;1;TUG2;0,0540;1,5005;0,1991;-0,0446;-0,2287;0,0316;-0,9720;;False
674,42;14.93;pa010​;20250411_094227;1;TUG2;0,0540;1,5004;0,1990;-0,0452;-0,2292;0,0317;-0,9718;;False
674,43;14.94;pa010​;20250411_094227;1;TUG2;0,0538;1,5003;0,1987;-0,0455;-0,2302;0,0316;-0,9716;;False
674,45;14.96;pa010​;20250411_094227;1;TUG2;0,0537;1,5002;0,1984;-0,0458;-0,2313;0,0317;-0,9713;;False
674,46;14.97;pa010​;20250411_094227;1;TUG2;0,0536;1,5001;0,1982;-0,0463;-0,2321;0,0317;-0,9711;;False
674,48;14.99;pa010​;20250411_094227;1;TUG2;0,0535;1,4999;0,1979;-0,0469;-0,2330;0,0318;-0,9708;;False
674,49;15.0;pa010​;20250411_094227;1;TUG2;0,0532;1,4998;0,1977;-0,0470;-0,2339;0,0315;-0,9706;;False
674,50;15.01;pa010​;20250411_094227;1;TUG2;0,0530;1,4997;0,1976;-0,0472;-0,2348;0,0311;-0,9704;;False
674,52;15.03;pa010​;20250411_094227;1;TUG2;0,0526;1,4999;0,1975;-0,0473;-0,2357;0,0306;-0,9702;;False
674,53;15.04;pa010​;20250411_094227;1;TUG2;0,0523;1,5001;0,1973;-0,0471;-0,2362;0,0296;-0,9701;;False
674,54;15.05;pa010​;20250411_094227;1;TUG2;0,0520;1,5003;0,1973;-0,0468;-0,2365;0,0286;-0,9701;;False
674,56;15.07;pa010​;20250411_094227;1;TUG2;0,0517;1,5005;0,1972;-0,0458;-0,2368;0,0280;-0,9701;;False
674,57;15.08;pa010​;20250411_094227;1;TUG2;0,0515;1,5006;0,1971;-0,0450;-0,2376;0,0287;-0,9699;;False
674,59;15.1;pa010​;20250411_094227;1;TUG2;0,0514;1,5007;0,1968;-0,0446;-0,2384;0,0296;-0,9697;;False
674,60;15.11;pa010​;20250411_094227;1;TUG2;0,0514;1,5009;0,1967;-0,0443;-0,2391;0,0297;-0,9695;;False
674,61;15.12;pa010​;20250411_094227;1;TUG2;0,0512;1,5010;0,1965;-0,0442;-0,2401;0,0298;-0,9693;;False
674,63;15.14;pa010​;20250411_094227;1;TUG2;0,0512;1,5011;0,1963;-0,0446;-0,2414;0,0300;-0,9689;;False
674,64;15.15;pa010​;20250411_094227;1;TUG2;0,0513;1,5011;0,1961;-0,0452;-0,2427;0,0295;-0,9686;;False
674,66;15.17;pa010​;20250411_094227;1;TUG2;0,0514;1,5011;0,1958;-0,0460;-0,2444;0,0288;-0,9682;;False
674,67;15.18;pa010​;20250411_094227;1;TUG2;0,0514;1,5011;0,1956;-0,0466;-0,2459;0,0281;-0,9678;;False
674,68;15.19;pa010​;20250411_094227;1;TUG2;0,0514;1,5011;0,1957;-0,0465;-0,2466;0,0274;-0,9676;;False
674,70;15.21;pa010​;20250411_094227;1;TUG2;0,0514;1,5012;0,1958;-0,0463;-0,2468;0,0268;-0,9676;;False
674,71;15.22;pa010​;20250411_094227;1;TUG2;0,0512;1,5013;0,1960;-0,0459;-0,2463;0,0267;-0,9677;;False
674,73;15.23;pa010​;20250411_094227;1;TUG2;0,0511;1,5013;0,1963;-0,0455;-0,2456;0,0273;-0,9679;;False
674,74;15.25;pa010​;20250411_094227;1;TUG2;0,0509;1,5012;0,1965;-0,0457;-0,2449;0,0279;-0,9681;;False
674,75;15.26;pa010​;20250411_094227;1;TUG2;0,0508;1,5012;0,1966;-0,0456;-0,2446;0,0278;-0,9682;;False
674,77;15.28;pa010​;20250411_094227;1;TUG2;0,0509;1,5012;0,1967;-0,0457;-0,2449;0,0278;-0,9681;;False
674,78;15.29;pa010​;20250411_094227;1;TUG2;0,0511;1,5012;0,1966;-0,0458;-0,2460;0,0271;-0,9678;;False
674,79;15.3;pa010​;20250411_094227;1;TUG2;0,0513;1,5012;0,1965;-0,0457;-0,2469;0,0260;-0,9676;;False
674,81;15.32;pa010​;20250411_094227;1;TUG2;0,0516;1,5013;0,1965;-0,0451;-0,2478;0,0255;-0,9674;;False
674,82;15.33;pa010​;20250411_094227;1;TUG2;0,0519;1,5015;0,1966;-0,0448;-0,2483;0,0251;-0,9673;;False
674,84;15.35;pa010​;20250411_094227;1;TUG2;0,0520;1,5016;0,1967;-0,0444;-0,2485;0,0249;-0,9673;;False
674,85;15.36;pa010​;20250411_094227;1;TUG2;0,0522;1,5017;0,1969;-0,0437;-0,2486;0,0248;-0,9673;;False
674,86;15.37;pa010​;20250411_094227;1;TUG2;0,0524;1,5018;0,1972;-0,0436;-0,2488;0,0250;-0,9673;;False
674,88;15.39;pa010​;20250411_094227;1;TUG2;0,0527;1,5018;0,1973;-0,0435;-0,2494;0,0251;-0,9671;;False
674,89;15.4;pa010​;20250411_094227;1;TUG2;0,0532;1,5018;0,1974;-0,0434;-0,2503;0,0253;-0,9669;;False
674,91;15.41;pa010​;20250411_094227;1;TUG2;0,0536;1,5018;0,1976;-0,0432;-0,2513;0,0253;-0,9666;;False
674,92;15.43;pa010​;20250411_094227;1;TUG2;0,0540;1,5018;0,1976;-0,0430;-0,2520;0,0254;-0,9664;;False
674,93;15.44;pa010​;20250411_094227;1;TUG2;0,0543;1,5018;0,1976;-0,0429;-0,2527;0,0253;-0,9663;;False
674,95;15.46;pa010​;20250411_094227;1;TUG2;0,0547;1,5017;0,1977;-0,0430;-0,2531;0,0253;-0,9662;;False
674,96;15.47;pa010​;20250411_094227;1;TUG2;0,0550;1,5017;0,1978;-0,0431;-0,2533;0,0255;-0,9661;;False
674,98;15.48;pa010​;20250411_094227;1;TUG2;0,0554;1,5017;0,1978;-0,0432;-0,2536;0,0257;-0,9660;;False
674,99;15.5;pa010​;20250411_094227;1;TUG2;0,0558;1,5016;0,1978;-0,0430;-0,2539;0,0261;-0,9659;;False
675,00;15.51;pa010​;20250411_094227;1;TUG2;0,0563;1,5017;0,1976;-0,0429;-0,2547;0,0267;-0,9657;;False
675,02;15.53;pa010​;20250411_094227;1;TUG2;0,0569;1,5017;0,1974;-0,0428;-0,2557;0,0274;-0,9654;;False
675,03;15.54;pa010​;20250411_094227;1;TUG2;0,0574;1,5017;0,1971;-0,0428;-0,2570;0,0280;-0,9651;;False
675,05;15.55;pa010​;20250411_094227;1;TUG2;0,0579;1,5018;0,1968;-0,0425;-0,2584;0,0283;-0,9647;;False
675,06;15.57;pa010​;20250411_094227;1;TUG2;0,0584;1,5019;0,1965;-0,0419;-0,2601;0,0286;-0,9642;;False
675,07;15.58;pa010​;20250411_094227;1;TUG2;0,0587;1,5021;0,1962;-0,0413;-0,2618;0,0286;-0,9638;;False
675,09;15.6;pa010​;20250411_094227;1;TUG2;0,0590;1,5022;0,1961;-0,0403;-0,2636;0,0281;-0,9634;;False
675,10;15.61;pa010​;20250411_094227;1;TUG2;0,0592;1,5024;0,1959;-0,0397;-0,2651;0,0270;-0,9630;;False
675,11;15.62;pa010​;20250411_094227;1;TUG2;0,0592;1,5025;0,1959;-0,0388;-0,2664;0,0262;-0,9627;;False
675,13;15.64;pa010​;20250411_094227;1;TUG2;0,0591;1,5027;0,1959;-0,0375;-0,2677;0,0258;-0,9624;;False
675,14;15.65;pa010​;20250411_094227;1;TUG2;0,0593;1,5028;0,1957;-0,0364;-0,2682;0,0256;-0,9623;;False
675,16;15.67;pa010​;20250411_094227;1;TUG2;0,0593;1,5030;0,1957;-0,0351;-0,2682;0,0255;-0,9624;;False
675,17;15.68;pa010​;20250411_094227;1;TUG2;0,0591;1,5033;0,1958;-0,0323;-0,2673;0,0254;-0,9627;;False
675,18;15.69;pa010​;20250411_094227;1;TUG2;0,0586;1,5041;0,1958;-0,0288;-0,2658;0,0257;-0,9633;;False
675,20;15.71;pa010​;20250411_094227;1;TUG2;0,0583;1,5048;0,1958;-0,0240;-0,2638;0,0260;-0,9639;;False
675,21;15.72;pa010​;20250411_094227;1;TUG2;0,0578;1,5058;0,1957;-0,0176;-0,2616;0,0259;-0,9647;;False
675,23;15.73;pa010​;20250411_094227;1;TUG2;0,0573;1,5068;0,1955;-0,0116;-0,2595;0,0262;-0,9653;;False
675,24;15.75;pa010​;20250411_094227;1;TUG2;0,0568;1,5078;0,1953;-0,0057;-0,2580;0,0258;-0,9658;;False
675,25;15.76;pa010​;20250411_094227;1;TUG2;0,0561;1,5087;0,1951;-0,0003;-0,2566;0,0250;-0,9662;;False
675,27;15.78;pa010​;20250411_094227;1;TUG2;0,0554;1,5094;0,1947;0,0041;-0,2559;0,0236;-0,9664;;False
675,28;15.79;pa010​;20250411_094227;1;TUG2;0,0549;1,5099;0,1942;0,0078;-0,2560;0,0225;-0,9664;;False
675,30;15.81;pa010​;20250411_094227;1;TUG2;0,0545;1,5103;0,1937;0,0101;-0,2565;0,0207;-0,9663;;False
675,31;15.82;pa010​;20250411_094227;1;TUG2;0,0541;1,5105;0,1930;0,0115;-0,2569;0,0195;-0,9662;;False
675,32;15.83;pa010​;20250411_094227;1;TUG2;0,0537;1,5105;0,1923;0,0112;-0,2580;0,0199;-0,9659;;False
675,34;15.85;pa010​;20250411_094227;1;TUG2;0,0532;1,5106;0,1915;0,0118;-0,2585;0,0204;-0,9657;;False
675,35;15.86;pa010​;20250411_094227;1;TUG2;0,0527;1,5108;0,1908;0,0125;-0,2582;0,0215;-0,9658;;False
675,36;15.87;pa010​;20250411_094227;1;TUG2;0,0522;1,5108;0,1899;0,0127;-0,2574;0,0230;-0,9659;;False
675,38;15.89;pa010​;20250411_094227;1;TUG2;0,0515;1,5108;0,1891;0,0125;-0,2566;0,0246;-0,9661;;False
675,39;15.9;pa010​;20250411_094227;1;TUG2;0,0508;1,5108;0,1883;0,0130;-0,2556;0,0257;-0,9664;;False
675,41;15.92;pa010​;20250411_094227;1;TUG2;0,0500;1,5107;0,1874;0,0133;-0,2548;0,0264;-0,9665;;False
675,42;15.93;pa010​;20250411_094227;1;TUG2;0,0492;1,5104;0,1866;0,0130;-0,2542;0,0270;-0,9667;;False
675,43;15.94;pa010​;20250411_094227;1;TUG2;0,0484;1,5101;0,1858;0,0120;-0,2538;0,0275;-0,9668;;False
675,45;15.96;pa010​;20250411_094227;1;TUG2;0,0476;1,5095;0,1849;0,0106;-0,2530;0,0279;-0,9670;;False
675,46;15.97;pa010​;20250411_094227;1;TUG2;0,0466;1,5086;0,1841;0,0077;-0,2522;0,0289;-0,9672;;False
675,48;15.98;pa010​;20250411_094227;1;TUG2;0,0456;1,5073;0,1833;0,0037;-0,2506;0,0303;-0,9676;;False
675,49;16.0;pa010​;20250411_094227;1;TUG2;0,0442;1,5061;0,1821;-0,0032;-0,2493;0,0318;-0,9679;;False
675,50;16.01;pa010​;20250411_094227;1;TUG2;0,0426;1,5052;0,1810;-0,0080;-0,2475;0,0330;-0,9683;;False
675,52;16.03;pa010​;20250411_094227;1;TUG2;0,0407;1,5049;0,1801;-0,0109;-0,2438;0,0334;-0,9692;;False
675,53;16.04;pa010​;20250411_094227;1;TUG2;0,0385;1,5045;0,1792;-0,0116;-0,2390;0,0346;-0,9703;;False
675,54;16.05;pa010​;20250411_094227;1;TUG2;0,0362;1,5041;0,1782;-0,0125;-0,2341;0,0357;-0,9715;;False
675,56;16.07;pa010​;20250411_094227;1;TUG2;0,0340;1,5033;0,1774;-0,0130;-0,2281;0,0361;-0,9729;;False
675,57;16.08;pa010​;20250411_094227;1;TUG2;0,0318;1,5026;0,1765;-0,0145;-0,2213;0,0373;-0,9744;;False
675,59;16.1;pa010​;20250411_094227;1;TUG2;0,0296;1,5017;0,1757;-0,0152;-0,2145;0,0376;-0,9759;;False
675,60;16.11;pa010​;20250411_094227;1;TUG2;0,0271;1,5009;0,1752;-0,0168;-0,2072;0,0388;-0,9774;;False
675,62;16.12;pa010​;20250411_094227;1;TUG2;0,0247;1,4997;0,1747;-0,0200;-0,1984;0,0397;-0,9791;;False
675,63;16.14;pa010​;20250411_094227;1;TUG2;0,0222;1,4981;0,1741;-0,0246;-0,1897;0,0417;-0,9807;;False
675,64;16.15;pa010​;20250411_094227;1;TUG2;0,0199;1,4963;0,1738;-0,0320;-0,1807;0,0441;-0,9820;;False
675,66;16.17;pa010​;20250411_094227;1;TUG2;0,0178;1,4944;0,1738;-0,0384;-0,1720;0,0470;-0,9832;;False
675,67;16.18;pa010​;20250411_094227;1;TUG2;0,0157;1,4925;0,1738;-0,0450;-0,1640;0,0496;-0,9842;;False
675,68;16.19;pa010​;20250411_094227;1;TUG2;0,0139;1,4901;0,1740;-0,0530;-0,1566;0,0532;-0,9848;;False
675,70;16.21;pa010​;20250411_094227;1;TUG2;0,0123;1,4874;0,1741;-0,0622;-0,1495;0,0557;-0,9852;;False
675,71;16.22;pa010​;20250411_094227;1;TUG2;0,0106;1,4848;0,1743;-0,0708;-0,1435;0,0575;-0,9854;;False
675,73;16.23;pa010​;20250411_094227;1;TUG2;0,0091;1,4825;0,1747;-0,0783;-0,1386;0,0591;-0,9855;;False
675,74;16.25;pa010​;20250411_094227;1;TUG2;0,0076;1,4802;0,1749;-0,0858;-0,1345;0,0605;-0,9853;;False
675,75;16.26;pa010​;20250411_094227;1;TUG2;0,0063;1,4782;0,1752;-0,0928;-0,1310;0,0613;-0,9851;;False
675,77;16.28;pa010​;20250411_094227;1;TUG2;0,0054;1,4765;0,1754;-0,0986;-0,1288;0,0620;-0,9848;;False
675,78;16.29;pa010​;20250411_094227;1;TUG2;0,0047;1,4754;0,1755;-0,1033;-0,1270;0,0628;-0,9845;;False
675,80;16.3;pa010​;20250411_094227;1;TUG2;0,0042;1,4749;0,1755;-0,1070;-0,1270;0,0644;-0,9840;;False
675,81;16.32;pa010​;20250411_094227;1;TUG2;0,0038;1,4737;0,1749;-0,1041;-0,1272;0,0642;-0,9843;;False
675,82;16.33;pa010​;20250411_094227;1;TUG2;0,0037;1,4749;0,1748;-0,1039;-0,1286;0,0645;-0,9841;;False
675,84;16.35;pa010​;20250411_094227;1;TUG2;0,0036;1,4758;0,1742;-0,1025;-0,1298;0,0644;-0,9841;;False
675,85;16.36;pa010​;20250411_094227;1;TUG2;0,0035;1,4766;0,1737;-0,0982;-0,1316;0,0630;-0,9844;;False
675,87;16.37;pa010​;20250411_094227;1;TUG2;0,0033;1,4775;0,1728;-0,0958;-0,1338;0,0620;-0,9844;;False
675,88;16.39;pa010​;20250411_094227;1;TUG2;0,0033;1,4785;0,1720;-0,0928;-0,1364;0,0610;-0,9844;;False
675,89;16.4;pa010​;20250411_094227;1;TUG2;0,0036;1,4797;0,1711;-0,0899;-0,1395;0,0597;-0,9843;;False
675,91;16.41;pa010​;20250411_094227;1;TUG2;0,0040;1,4811;0,1700;-0,0866;-0,1440;0,0579;-0,9841;;False
675,92;16.43;pa010​;20250411_094227;1;TUG2;0,0046;1,4827;0,1691;-0,0832;-0,1503;0,0552;-0,9836;;False
675,93;16.44;pa010​;20250411_094227;1;TUG2;0,0055;1,4843;0,1681;-0,0787;-0,1573;0,0512;-0,9831;;False
675,95;16.46;pa010​;20250411_094227;1;TUG2;0,0067;1,4859;0,1671;-0,0741;-0,1667;0,0461;-0,9821;;False
675,96;16.47;pa010​;20250411_094227;1;TUG2;0,0081;1,4871;0,1662;-0,0670;-0,1787;0,0401;-0,9808;;False
675,98;16.48;pa010​;20250411_094227;1;TUG2;0,0098;1,4883;0,1650;-0,0646;-0,1937;0,0331;-0,9784;;False
675,99;16.5;pa010​;20250411_094227;1;TUG2;0,0118;1,4895;0,1643;-0,0612;-0,2111;0,0247;-0,9752;;False
676,00;16.51;pa010​;20250411_094227;1;TUG2;0,0141;1,4907;0,1636;-0,0579;-0,2291;0,0165;-0,9715;;False
676,02;16.53;pa010​;20250411_094227;1;TUG2;0,0165;1,4920;0,1629;-0,0533;-0,2473;0,0092;-0,9674;;False
676,03;16.54;pa010​;20250411_094227;1;TUG2;0,0187;1,4933;0,1621;-0,0479;-0,2647;0,0026;-0,9631;;False
676,04;16.55;pa010​;20250411_094227;1;TUG2;0,0209;1,4944;0,1610;-0,0440;-0,2796;-0,0019;-0,9591;;False
676,06;16.57;pa010​;20250411_094227;1;TUG2;0,0229;1,4951;0,1597;-0,0412;-0,2924;-0,0050;-0,9554;;False
676,07;16.58;pa010​;20250411_094227;1;TUG2;0,0247;1,4955;0,1583;-0,0411;-0,3039;-0,0066;-0,9518;;False
676,09;16.6;pa010​;20250411_094227;1;TUG2;0,0262;1,4956;0,1571;-0,0411;-0,3139;-0,0059;-0,9485;;False
676,10;16.61;pa010​;20250411_094227;1;TUG2;0,0276;1,4960;0,1560;-0,0417;-0,3212;-0,0055;-0,9461;;False
676,11;16.62;pa010​;20250411_094227;1;TUG2;0,0290;1,4965;0,1548;-0,0419;-0,3274;-0,0053;-0,9439;;False
676,13;16.64;pa010​;20250411_094227;1;TUG2;0,0301;1,4969;0,1536;-0,0419;-0,3329;-0,0041;-0,9420;;False
676,14;16.65;pa010​;20250411_094227;1;TUG2;0,0312;1,4974;0,1522;-0,0418;-0,3382;-0,0028;-0,9401;;False
676,16;16.67;pa010​;20250411_094227;1;TUG2;0,0324;1,4979;0,1508;-0,0412;-0,3432;-0,0013;-0,9383;;False
676,17;16.68;pa010​;20250411_094227;1;TUG2;0,0334;1,4987;0,1495;-0,0402;-0,3489;0,0003;-0,9363;;False
676,18;16.69;pa010​;20250411_094227;1;TUG2;0,0344;1,4993;0,1482;-0,0383;-0,3541;0,0022;-0,9344;;False
676,20;16.71;pa010​;20250411_094227;1;TUG2;0,0353;1,4998;0,1472;-0,0365;-0,3589;0,0039;-0,9327;;False
676,21;16.72;pa010​;20250411_094227;1;TUG2;0,0363;1,5003;0,1463;-0,0350;-0,3631;0,0041;-0,9311;;False
676,23;16.73;pa010​;20250411_094227;1;TUG2;0,0371;1,5006;0,1457;-0,0334;-0,3680;0,0045;-0,9292;;False
676,24;16.75;pa010​;20250411_094227;1;TUG2;0,0379;1,5007;0,1451;-0,0329;-0,3718;0,0043;-0,9277;;False
676,25;16.76;pa010​;20250411_094227;1;TUG2;0,0386;1,5008;0,1446;-0,0339;-0,3755;0,0038;-0,9262;;False
676,27;16.78;pa010​;20250411_094227;1;TUG2;0,0391;1,5006;0,1441;-0,0356;-0,3785;0,0036;-0,9249;;False
676,28;16.79;pa010​;20250411_094227;1;TUG2;0,0398;1,5006;0,1437;-0,0365;-0,3803;0,0041;-0,9241;;False
676,30;16.81;pa010​;20250411_094227;1;TUG2;0,0403;1,5007;0,1433;-0,0365;-0,3817;0,0047;-0,9236;;False
676,31;16.82;pa010​;20250411_094227;1;TUG2;0,0409;1,5005;0,1426;-0,0371;-0,3828;0,0060;-0,9231;;False
676,32;16.83;pa010​;20250411_094227;1;TUG2;0,0414;1,5003;0,1419;-0,0375;-0,3841;0,0073;-0,9225;;False
676,34;16.85;pa010​;20250411_094227;1;TUG2;0,0419;1,5003;0,1412;-0,0375;-0,3862;0,0084;-0,9216;;False
676,35;16.86;pa010​;20250411_094227;1;TUG2;0,0425;1,5003;0,1401;-0,0371;-0,3884;0,0093;-0,9207;;False
676,36;16.87;pa010​;20250411_094227;1;TUG2;0,0430;1,5003;0,1390;-0,0374;-0,3913;0,0099;-0,9195;;False
676,38;16.89;pa010​;20250411_094227;1;TUG2;0,0434;1,5005;0,1383;-0,0364;-0,3945;0,0105;-0,9181;;False
676,39;16.9;pa010​;20250411_094227;1;TUG2;0,0436;1,5009;0,1379;-0,0345;-0,3973;0,0110;-0,9170;;False
676,41;16.91;pa010​;20250411_094227;1;TUG2;0,0437;1,5011;0,1376;-0,0326;-0,3991;0,0113;-0,9162;;False
676,42;16.93;pa010​;20250411_094227;1;TUG2;0,0437;1,5010;0,1375;-0,0323;-0,4006;0,0118;-0,9156;;False
676,43;16.94;pa010​;20250411_094227;1;TUG2;0,0435;1,5008;0,1375;-0,0325;-0,4009;0,0121;-0,9155;;False
676,45;16.96;pa010​;20250411_094227;1;TUG2;0,0437;1,5010;0,1370;-0,0326;-0,4009;0,0121;-0,9155;;False
676,46;16.97;pa010​;20250411_094227;1;TUG2;0,0436;1,5009;0,1371;-0,0329;-0,4011;0,0118;-0,9154;;False
676,48;16.99;pa010​;20250411_094227;1;TUG2;0,0435;1,5007;0,1371;-0,0334;-0,4016;0,0118;-0,9151;;False
676,49;17.0;pa010​;20250411_094227;1;TUG2;0,0435;1,5005;0,1370;-0,0340;-0,4024;0,0117;-0,9148;;False
676,50;17.01;pa010​;20250411_094227;1;TUG2;0,0435;1,5004;0,1367;-0,0350;-0,4031;0,0117;-0,9144;;False
676,52;17.03;pa010​;20250411_094227;1;TUG2;0,0435;1,5002;0,1364;-0,0360;-0,4041;0,0117;-0,9139;;False
676,53;17.04;pa010​;20250411_094227;1;TUG2;0,0438;1,5001;0,1355;-0,0370;-0,4052;0,0119;-0,9134;;False
676,55;17.05;pa010​;20250411_094227;1;TUG2;0,0439;1,4997;0,1349;-0,0367;-0,4068;0,0124;-0,9127;;False
676,56;17.07;pa010​;20250411_094227;1;TUG2;0,0440;1,4994;0,1339;-0,0375;-0,4084;0,0131;-0,9120;;False
676,57;17.08;pa010​;20250411_094227;1;TUG2;0,0441;1,4990;0,1331;-0,0380;-0,4102;0,0138;-0,9111;;False
676,59;17.1;pa010​;20250411_094227;1;TUG2;0,0440;1,4988;0,1324;-0,0388;-0,4117;0,0147;-0,9104;;False
676,60;17.11;pa010​;20250411_094227;1;TUG2;0,0439;1,4987;0,1318;-0,0392;-0,4133;0,0154;-0,9096;;False
676,61;17.12;pa010​;20250411_094227;1;TUG2;0,0437;1,4987;0,1315;-0,0389;-0,4146;0,0155;-0,9090;;False
676,63;17.14;pa010​;20250411_094227;1;TUG2;0,0434;1,4986;0,1314;-0,0383;-0,4157;0,0152;-0,9086;;False
676,66;17.17;pa010​;20250411_094227;1;TUG2;0,0427;1,4984;0,1319;-0,0379;-0,4167;0,0145;-0,9082;;False
676,67;17.18;pa010​;20250411_094227;1;TUG2;0,0425;1,4982;0,1318;-0,0374;-0,4158;0,0136;-0,9086;;False
676,68;17.19;pa010​;20250411_094227;1;TUG2;0,0422;1,4979;0,1329;-0,0379;-0,4148;0,0130;-0,9091;;False
676,70;17.21;pa010​;20250411_094227;1;TUG2;0,0420;1,4976;0,1333;-0,0389;-0,4135;0,0130;-0,9096;;False
676,71;17.22;pa010​;20250411_094227;1;TUG2;0,0418;1,4972;0,1337;-0,0405;-0,4124;0,0132;-0,9100;;False
676,73;17.23;pa010​;20250411_094227;1;TUG2;0,0416;1,4968;0,1339;-0,0422;-0,4114;0,0131;-0,9104;;False
676,74;17.25;pa010​;20250411_094227;1;TUG2;0,0414;1,4966;0,1340;-0,0439;-0,4105;0,0132;-0,9107;;False
676,75;17.26;pa010​;20250411_094227;1;TUG2;0,0413;1,4964;0,1339;-0,0451;-0,4100;0,0128;-0,9109;;False
676,77;17.28;pa010​;20250411_094227;1;TUG2;0,0412;1,4961;0,1335;-0,0456;-0,4099;0,0129;-0,9109;;False
676,78;17.29;pa010​;20250411_094227;1;TUG2;0,0410;1,4959;0,1332;-0,0462;-0,4099;0,0133;-0,9109;;False
676,80;17.3;pa010​;20250411_094227;1;TUG2;0,0406;1,4957;0,1328;-0,0464;-0,4102;0,0138;-0,9107;;False
676,81;17.32;pa010​;20250411_094227;1;TUG2;0,0402;1,4955;0,1325;-0,0469;-0,4102;0,0141;-0,9107;;False
676,82;17.33;pa010​;20250411_094227;1;TUG2;0,0398;1,4953;0,1323;-0,0481;-0,4103;0,0143;-0,9106;;False
676,84;17.35;pa010​;20250411_094227;1;TUG2;0,0393;1,4952;0,1321;-0,0491;-0,4105;0,0142;-0,9104;;False
676,85;17.36;pa010​;20250411_094227;1;TUG2;0,0389;1,4951;0,1320;-0,0500;-0,4108;0,0142;-0,9102;;False
676,87;17.37;pa010​;20250411_094227;1;TUG2;0,0385;1,4951;0,1320;-0,0506;-0,4106;0,0133;-0,9103;;False
676,88;17.39;pa010​;20250411_094227;1;TUG2;0,0381;1,4950;0,1321;-0,0510;-0,4100;0,0123;-0,9106;;False
676,89;17.4;pa010​;20250411_094227;1;TUG2;0,0377;1,4949;0,1322;-0,0515;-0,4090;0,0117;-0,9110;;False
676,91;17.42;pa010​;20250411_094227;1;TUG2;0,0373;1,4947;0,1322;-0,0520;-0,4081;0,0115;-0,9114;;False
676,92;17.43;pa010​;20250411_094227;1;TUG2;0,0369;1,4947;0,1323;-0,0529;-0,4073;0,0117;-0,9117;;False
676,93;17.44;pa010​;20250411_094227;1;TUG2;0,0367;1,4945;0,1324;-0,0535;-0,4061;0,0119;-0,9122;;False
676,95;17.46;pa010​;20250411_094227;1;TUG2;0,0365;1,4942;0,1323;-0,0549;-0,4056;0,0126;-0,9123;;False
676,96;17.47;pa010​;20250411_094227;1;TUG2;0,0363;1,4939;0,1322;-0,0567;-0,4059;0,0136;-0,9120;;False
676,98;17.48;pa010​;20250411_094227;1;TUG2;0,0362;1,4937;0,1320;-0,0582;-0,4068;0,0145;-0,9115;;False
676,99;17.5;pa010​;20250411_094227;1;TUG2;0,0361;1,4936;0,1318;-0,0591;-0,4078;0,0148;-0,9110;;False
677,00;17.51;pa010​;20250411_094227;1;TUG2;0,0360;1,4935;0,1316;-0,0597;-0,4088;0,0144;-0,9106;;False
677,02;17.53;pa010​;20250411_094227;1;TUG2;0,0357;1,4933;0,1314;-0,0599;-0,4100;0,0137;-0,9100;;False
677,03;17.54;pa010​;20250411_094227;1;TUG2;0,0353;1,4933;0,1311;-0,0599;-0,4108;0,0129;-0,9097;;False
677,04;17.55;pa010​;20250411_094227;1;TUG2;0,0350;1,4933;0,1310;-0,0601;-0,4114;0,0119;-0,9094;;False
677,06;17.57;pa010​;20250411_094227;1;TUG2;0,0344;1,4935;0,1310;-0,0601;-0,4118;0,0112;-0,9092;;False
677,07;17.58;pa010​;20250411_094227;1;TUG2;0,0341;1,4935;0,1310;-0,0603;-0,4118;0,0107;-0,9092;;False
677,09;17.6;pa010​;20250411_094227;1;TUG2;0,0337;1,4934;0,1311;-0,0606;-0,4114;0,0103;-0,9094;;False
677,10;17.61;pa010​;20250411_094227;1;TUG2;0,0332;1,4933;0,1313;-0,0608;-0,4106;0,0100;-0,9097;;False
677,11;17.62;pa010​;20250411_094227;1;TUG2;0,0329;1,4933;0,1316;-0,0609;-0,4091;0,0101;-0,9104;;False
677,13;17.64;pa010​;20250411_094227;1;TUG2;0,0326;1,4933;0,1317;-0,0608;-0,4077;0,0104;-0,9111;;False
677,14;17.65;pa010​;20250411_094227;1;TUG2;0,0323;1,4932;0,1316;-0,0607;-0,4062;0,0104;-0,9117;;False
677,16;17.67;pa010​;20250411_094227;1;TUG2;0,0320;1,4931;0,1314;-0,0612;-0,4054;0,0108;-0,9120;;False
677,17;17.68;pa010​;20250411_094227;1;TUG2;0,0318;1,4930;0,1311;-0,0617;-0,4052;0,0110;-0,9121;;False
677,18;17.69;pa010​;20250411_094227;1;TUG2;0,0315;1,4930;0,1308;-0,0621;-0,4058;0,0110;-0,9118;;False
677,20;17.71;pa010​;20250411_094227;1;TUG2;0,0312;1,4930;0,1306;-0,0620;-0,4064;0,0111;-0,9115;;False
677,21;17.72;pa010​;20250411_094227;1;TUG2;0,0310;1,4931;0,1304;-0,0618;-0,4069;0,0106;-0,9113;;False
677,23;17.74;pa010​;20250411_094227;1;TUG2;0,0308;1,4932;0,1302;-0,0620;-0,4074;0,0104;-0,9111;;False
677,24;17.75;pa010​;20250411_094227;1;TUG2;0,0305;1,4933;0,1302;-0,0617;-0,4076;0,0103;-0,9110;;False
677,25;17.76;pa010​;20250411_094227;1;TUG2;0,0303;1,4935;0,1302;-0,0609;-0,4071;0,0099;-0,9113;;False
677,27;17.78;pa010​;20250411_094227;1;TUG2;0,0300;1,4936;0,1302;-0,0599;-0,4064;0,0094;-0,9117;;False
677,28;17.79;pa010​;20250411_094227;1;TUG2;0,0299;1,4936;0,1300;-0,0592;-0,4051;0,0089;-0,9123;;False
677,29;17.8;pa010​;20250411_094227;1;TUG2;0,0299;1,4935;0,1298;-0,0594;-0,4041;0,0087;-0,9128;;False
677,31;17.82;pa010​;20250411_094227;1;TUG2;0,0298;1,4934;0,1297;-0,0597;-0,4033;0,0097;-0,9131;;False
677,32;17.83;pa010​;20250411_094227;1;TUG2;0,0299;1,4932;0,1294;-0,0602;-0,4026;0,0106;-0,9133;;False
677,34;17.85;pa010​;20250411_094227;1;TUG2;0,0300;1,4930;0,1290;-0,0605;-0,4021;0,0112;-0,9135;;False
677,35;17.86;pa010​;20250411_094227;1;TUG2;0,0304;1,4930;0,1284;-0,0603;-0,4022;0,0120;-0,9135;;False
677,36;17.87;pa010​;20250411_094227;1;TUG2;0,0306;1,4931;0,1278;-0,0596;-0,4023;0,0125;-0,9135;;False
677,38;17.89;pa010​;20250411_094227;1;TUG2;0,0307;1,4932;0,1272;-0,0591;-0,4026;0,0129;-0,9134;;False
677,39;17.9;pa010​;20250411_094227;1;TUG2;0,0309;1,4934;0,1267;-0,0580;-0,4030;0,0130;-0,9133;;False
677,41;17.92;pa010​;20250411_094227;1;TUG2;0,0309;1,4937;0,1264;-0,0570;-0,4028;0,0127;-0,9134;;False
677,42;17.93;pa010​;20250411_094227;1;TUG2;0,0309;1,4940;0,1262;-0,0560;-0,4013;0,0128;-0,9141;;False
677,43;17.94;pa010​;20250411_094227;1;TUG2;0,0308;1,4944;0,1262;-0,0546;-0,3989;0,0131;-0,9153;;False
677,45;17.96;pa010​;20250411_094227;1;TUG2;0,0303;1,4948;0,1263;-0,0529;-0,3953;0,0141;-0,9169;;False
677,46;17.97;pa010​;20250411_094227;1;TUG2;0,0296;1,4953;0,1265;-0,0510;-0,3903;0,0149;-0,9192;;False
677,48;17.98;pa010​;20250411_094227;1;TUG2;0,0286;1,4957;0,1269;-0,0491;-0,3847;0,0154;-0,9216;;False
677,49;18.0;pa010​;20250411_094227;1;TUG2;0,0277;1,4962;0,1274;-0,0473;-0,3780;0,0158;-0,9245;;False
677,50;18.01;pa010​;20250411_094227;1;TUG2;0,0266;1,4966;0,1280;-0,0452;-0,3710;0,0163;-0,9274;;False
677,52;18.03;pa010​;20250411_094227;1;TUG2;0,0255;1,4970;0,1285;-0,0435;-0,3643;0,0163;-0,9301;;False
677,53;18.04;pa010​;20250411_094227;1;TUG2;0,0244;1,4973;0,1289;-0,0415;-0,3580;0,0163;-0,9327;;False
677,55;18.05;pa010​;20250411_094227;1;TUG2;0,0233;1,4978;0,1293;-0,0402;-0,3520;0,0166;-0,9350;;False
677,56;18.07;pa010​;20250411_094227;1;TUG2;0,0223;1,4982;0,1297;-0,0388;-0,3460;0,0168;-0,9373;;False
677,57;18.08;pa010​;20250411_094227;1;TUG2;0,0212;1,4987;0,1301;-0,0374;-0,3401;0,0168;-0,9395;;False
677,59;18.1;pa010​;20250411_094227;1;TUG2;0,0203;1,4990;0,1305;-0,0364;-0,3346;0,0165;-0,9415;;False
677,60;18.11;pa010​;20250411_094227;1;TUG2;0,0194;1,4992;0,1308;-0,0358;-0,3297;0,0160;-0,9433;;False
677,61;18.12;pa010​;20250411_094227;1;TUG2;0,0185;1,4992;0,1310;-0,0358;-0,3253;0,0159;-0,9448;;False
677,63;18.14;pa010​;20250411_094227;1;TUG2;0,0179;1,4993;0,1312;-0,0365;-0,3219;0,0160;-0,9459;;False
677,64;18.15;pa010​;20250411_094227;1;TUG2;0,0172;1,4994;0,1314;-0,0367;-0,3191;0,0163;-0,9469;;False
677,66;18.17;pa010​;20250411_094227;1;TUG2;0,0166;1,4995;0,1316;-0,0370;-0,3169;0,0164;-0,9476;;False
677,67;18.18;pa010​;20250411_094227;1;TUG2;0,0162;1,4997;0,1320;-0,0368;-0,3150;0,0162;-0,9482;;False
677,68;18.19;pa010​;20250411_094227;1;TUG2;0,0159;1,4999;0,1324;-0,0367;-0,3129;0,0158;-0,9489;;False
677,70;18.21;pa010​;20250411_094227;1;TUG2;0,0158;1,5000;0,1327;-0,0371;-0,3111;0,0153;-0,9495;;False
677,71;18.22;pa010​;20250411_094227;1;TUG2;0,0156;1,4999;0,1329;-0,0380;-0,3094;0,0148;-0,9501;;False
677,73;18.23;pa010​;20250411_094227;1;TUG2;0,0153;1,4997;0,1330;-0,0396;-0,3079;0,0150;-0,9505;;False
677,74;18.25;pa010​;20250411_094227;1;TUG2;0,0151;1,4994;0,1332;-0,0414;-0,3062;0,0155;-0,9509;;False
677,75;18.26;pa010​;20250411_094227;1;TUG2;0,0150;1,4990;0,1334;-0,0438;-0,3045;0,0163;-0,9514;;False
677,77;18.28;pa010​;20250411_094227;1;TUG2;0,0150;1,4987;0,1337;-0,0459;-0,3027;0,0165;-0,9518;;False
677,78;18.29;pa010​;20250411_094227;1;TUG2;0,0149;1,4985;0,1341;-0,0475;-0,3008;0,0165;-0,9523;;False
677,80;18.31;pa010​;20250411_094227;1;TUG2;0,0148;1,4984;0,1345;-0,0488;-0,2993;0,0163;-0,9528;;False
677,81;18.32;pa010​;20250411_094227;1;TUG2;0,0148;1,4984;0,1347;-0,0489;-0,2975;0,0157;-0,9533;;False
677,82;18.33;pa010​;20250411_094227;1;TUG2;0,0148;1,4983;0,1349;-0,0492;-0,2957;0,0152;-0,9539;;False
677,84;18.35;pa010​;20250411_094227;1;TUG2;0,0148;1,4981;0,1352;-0,0499;-0,2937;0,0150;-0,9545;;False
677,85;18.36;pa010​;20250411_094227;1;TUG2;0,0148;1,4980;0,1352;-0,0505;-0,2918;0,0158;-0,9550;;False
677,86;18.37;pa010​;20250411_094227;1;TUG2;0,0148;1,4980;0,1353;-0,0497;-0,2903;0,0164;-0,9555;;False
677,88;18.39;pa010​;20250411_094227;1;TUG2;0,0149;1,4980;0,1353;-0,0496;-0,2888;0,0167;-0,9560;;False
677,89;18.4;pa010​;20250411_094227;1;TUG2;0,0149;1,4978;0,1352;-0,0506;-0,2867;0,0172;-0,9565;;False
677,91;18.41;pa010​;20250411_094227;1;TUG2;0,0149;1,4977;0,1351;-0,0509;-0,2850;0,0169;-0,9570;;False
677,92;18.43;pa010​;20250411_094227;1;TUG2;0,0148;1,4975;0,1349;-0,0520;-0,2833;0,0174;-0,9575;;False
677,94;18.44;pa010​;20250411_094227;1;TUG2;0,0148;1,4973;0,1346;-0,0536;-0,2814;0,0180;-0,9579;;False
677,95;18.46;pa010​;20250411_094227;1;TUG2;0,0148;1,4972;0,1344;-0,0543;-0,2794;0,0185;-0,9585;;False
677,96;18.47;pa010​;20250411_094227;1;TUG2;0,0149;1,4973;0,1342;-0,0538;-0,2773;0,0190;-0,9591;;False
677,97;18.48;pa010​;20250411_094227;1;TUG2;0,0150;1,4975;0,1340;-0,0528;-0,2752;0,0202;-0,9597;;False
677,99;18.5;pa010​;20250411_094227;1;TUG2;0,0151;1,4979;0,1338;-0,0519;-0,2729;0,0216;-0,9604;;False
678,00;18.51;pa010​;20250411_094227;1;TUG2;0,0148;1,4983;0,1336;-0,0512;-0,2700;0,0232;-0,9612;;False
678,02;18.53;pa010​;20250411_094227;1;TUG2;0,0145;1,4985;0,1335;-0,0512;-0,2662;0,0251;-0,9622;;False
678,03;18.54;pa010​;20250411_094227;1;TUG2;0,0140;1,4986;0,1336;-0,0517;-0,2609;0,0268;-0,9636;;False
678,04;18.55;pa010​;20250411_094227;1;TUG2;0,0134;1,4985;0,1337;-0,0526;-0,2551;0,0292;-0,9650;;False
678,06;18.57;pa010​;20250411_094227;1;TUG2;0,0128;1,4984;0,1339;-0,0534;-0,2493;0,0301;-0,9665;;False
678,07;18.58;pa010​;20250411_094227;1;TUG2;0,0124;1,4985;0,1341;-0,0541;-0,2440;0,0302;-0,9678;;False
678,09;18.59;pa010​;20250411_094227;1;TUG2;0,0122;1,4982;0,1344;-0,0550;-0,2389;0,0301;-0,9690;;False
678,10;18.61;pa010​;20250411_094227;1;TUG2;0,0118;1,4978;0,1347;-0,0567;-0,2349;0,0310;-0,9699;;False
678,11;18.62;pa010​;20250411_094227;1;TUG2;0,0114;1,4974;0,1349;-0,0582;-0,2311;0,0322;-0,9707;;False
678,13;18.64;pa010​;20250411_094227;1;TUG2;0,0113;1,4969;0,1351;-0,0595;-0,2272;0,0338;-0,9714;;False
678,14;18.65;pa010​;20250411_094227;1;TUG2;0,0112;1,4965;0,1353;-0,0606;-0,2241;0,0353;-0,9720;;False
678,16;18.66;pa010​;20250411_094227;1;TUG2;0,0113;1,4960;0,1355;-0,0614;-0,2218;0,0372;-0,9724;;False
678,17;18.68;pa010​;20250411_094227;1;TUG2;0,0117;1,4956;0,1357;-0,0619;-0,2196;0,0388;-0,9728;;False
678,18;18.69;pa010​;20250411_094227;1;TUG2;0,0119;1,4951;0,1359;-0,0629;-0,2187;0,0399;-0,9729;;False
678,20;18.71;pa010​;20250411_094227;1;TUG2;0,0120;1,4946;0,1359;-0,0646;-0,2185;0,0409;-0,9728;;False
678,21;18.72;pa010​;20250411_094227;1;TUG2;0,0122;1,4942;0,1360;-0,0663;-0,2184;0,0416;-0,9727;;False
678,22;18.73;pa010​;20250411_094227;1;TUG2;0,0124;1,4939;0,1362;-0,0673;-0,2182;0,0421;-0,9727;;False
678,24;18.75;pa010​;20250411_094227;1;TUG2;0,0126;1,4937;0,1363;-0,0679;-0,2179;0,0426;-0,9727;;False
678,25;18.76;pa010​;20250411_094227;1;TUG2;0,0127;1,4936;0,1362;-0,0676;-0,2176;0,0431;-0,9727;;False
678,27;18.78;pa010​;20250411_094227;1;TUG2;0,0129;1,4933;0,1363;-0,0669;-0,2174;0,0433;-0,9728;;False
678,28;18.79;pa010​;20250411_094227;1;TUG2;0,0130;1,4935;0,1362;-0,0659;-0,2174;0,0434;-0,9729;;False
678,29;18.8;pa010​;20250411_094227;1;TUG2;0,0131;1,4937;0,1360;-0,0654;-0,2178;0,0433;-0,9728;;False
678,31;18.82;pa010​;20250411_094227;1;TUG2;0,0132;1,4938;0,1358;-0,0649;-0,2182;0,0432;-0,9728;;False
678,32;18.83;pa010​;20250411_094227;1;TUG2;0,0132;1,4940;0,1355;-0,0645;-0,2187;0,0429;-0,9727;;False
678,34;18.84;pa010​;20250411_094227;1;TUG2;0,0133;1,4941;0,1353;-0,0648;-0,2190;0,0428;-0,9726;;False
678,35;18.86;pa010​;20250411_094227;1;TUG2;0,0133;1,4941;0,1350;-0,0653;-0,2196;0,0424;-0,9725;;False
678,36;18.87;pa010​;20250411_094227;1;TUG2;0,0134;1,4940;0,1349;-0,0656;-0,2198;0,0420;-0,9724;;False
678,38;18.89;pa010​;20250411_094227;1;TUG2;0,0135;1,4939;0,1347;-0,0659;-0,2202;0,0416;-0,9723;;False
678,39;18.9;pa010​;20250411_094227;1;TUG2;0,0135;1,4938;0,1346;-0,0663;-0,2207;0,0421;-0,9722;;False
678,41;18.91;pa010​;20250411_094227;1;TUG2;0,0137;1,4937;0,1345;-0,0666;-0,2214;0,0423;-0,9720;;False
678,42;18.93;pa010​;20250411_094227;1;TUG2;0,0139;1,4937;0,1343;-0,0662;-0,2226;0,0418;-0,9718;;False
678,43;18.94;pa010​;20250411_094227;1;TUG2;0,0142;1,4936;0,1341;-0,0663;-0,2241;0,0414;-0,9714;;False
678,45;18.96;pa010​;20250411_094227;1;TUG2;0,0145;1,4936;0,1340;-0,0670;-0,2257;0,0410;-0,9710;;False
678,46;18.97;pa010​;20250411_094227;1;TUG2;0,0150;1,4935;0,1338;-0,0675;-0,2275;0,0405;-0,9706;;False
678,47;18.98;pa010​;20250411_094227;1;TUG2;0,0152;1,4934;0,1337;-0,0675;-0,2289;0,0402;-0,9703;;False
678,49;19.0;pa010​;20250411_094227;1;TUG2;0,0155;1,4934;0,1336;-0,0677;-0,2300;0,0401;-0,9700;;False
678,50;19.01;pa010​;20250411_094227;1;TUG2;0,0158;1,4933;0,1335;-0,0676;-0,2310;0,0400;-0,9698;;False
678,52;19.03;pa010​;20250411_094227;1;TUG2;0,0161;1,4932;0,1333;-0,0675;-0,2317;0,0404;-0,9696;;False
678,53;19.04;pa010​;20250411_094227;1;TUG2;0,0164;1,4931;0,1332;-0,0675;-0,2326;0,0407;-0,9694;;False
678,54;19.05;pa010​;20250411_094227;1;TUG2;0,0167;1,4930;0,1330;-0,0675;-0,2336;0,0410;-0,9691;;False
678,56;19.07;pa010​;20250411_094227;1;TUG2;0,0171;1,4930;0,1329;-0,0676;-0,2345;0,0409;-0,9689;;False
678,57;19.08;pa010​;20250411_094227;1;TUG2;0,0174;1,4929;0,1327;-0,0678;-0,2356;0,0411;-0,9686;;False
678,59;19.09;pa010​;20250411_094227;1;TUG2;0,0178;1,4928;0,1325;-0,0682;-0,2370;0,0412;-0,9682;;False
678,60;19.11;pa010​;20250411_094227;1;TUG2;0,0181;1,4927;0,1323;-0,0687;-0,2387;0,0410;-0,9678;;False
678,61;19.12;pa010​;20250411_094227;1;TUG2;0,0187;1,4927;0,1321;-0,0692;-0,2406;0,0409;-0,9673;;False
678,63;19.14;pa010​;20250411_094227;1;TUG2;0,0193;1,4927;0,1318;-0,0693;-0,2432;0,0404;-0,9666;;False
678,64;19.15;pa010​;20250411_094227;1;TUG2;0,0199;1,4928;0,1315;-0,0694;-0,2465;0,0396;-0,9659;;False
678,65;19.16;pa010​;20250411_094227;1;TUG2;0,0206;1,4929;0,1311;-0,0691;-0,2504;0,0390;-0,9649;;False
678,67;19.18;pa010​;20250411_094227;1;TUG2;0,0214;1,4931;0,1306;-0,0686;-0,2551;0,0381;-0,9637;;False
678,68;19.19;pa010​;20250411_094227;1;TUG2;0,0224;1,4933;0,1299;-0,0679;-0,2612;0,0369;-0,9622;;False
678,70;19.21;pa010​;20250411_094227;1;TUG2;0,0235;1,4934;0,1292;-0,0673;-0,2675;0,0353;-0,9606;;False
678,71;19.22;pa010​;20250411_094227;1;TUG2;0,0247;1,4937;0,1283;-0,0669;-0,2755;0,0334;-0,9584;;False
678,72;19.23;pa010​;20250411_094227;1;TUG2;0,0266;1,4940;0,1272;-0,0659;-0,2845;0,0309;-0,9559;;False
678,74;19.25;pa010​;20250411_094227;1;TUG2;0,0283;1,4945;0,1260;-0,0655;-0,2958;0,0280;-0,9526;;False
678,75;19.26;pa010​;20250411_094227;1;TUG2;0,0300;1,4948;0,1247;-0,0645;-0,3079;0,0252;-0,9489;;False
678,77;19.28;pa010​;20250411_094227;1;TUG2;0,0319;1,4951;0,1233;-0,0638;-0,3205;0,0225;-0,9448;;False
678,78;19.29;pa010​;20250411_094227;1;TUG2;0,0336;1,4954;0,1219;-0,0634;-0,3334;0,0198;-0,9404;;False
678,79;19.3;pa010​;20250411_094227;1;TUG2;0,0354;1,4956;0,1205;-0,0634;-0,3455;0,0173;-0,9361;;False
678,81;19.32;pa010​;20250411_094227;1;TUG2;0,0372;1,4958;0,1190;-0,0629;-0,3577;0,0148;-0,9316;;False
678,82;19.33;pa010​;20250411_094227;1;TUG2;0,0390;1,4960;0,1176;-0,0630;-0,3691;0,0124;-0,9272;;False
678,84;19.34;pa010​;20250411_094227;1;TUG2;0,0405;1,4962;0,1162;-0,0630;-0,3800;0,0103;-0,9228;;False
678,85;19.36;pa010​;20250411_094227;1;TUG2;0,0419;1,4965;0,1149;-0,0629;-0,3903;0,0085;-0,9185;;False
678,86;19.37;pa010​;20250411_094227;1;TUG2;0,0431;1,4967;0,1136;-0,0625;-0,3990;0,0070;-0,9148;;False
678,88;19.39;pa010​;20250411_094227;1;TUG2;0,0441;1,4969;0,1125;-0,0622;-0,4062;0,0059;-0,9116;;False
678,89;19.4;pa010​;20250411_094227;1;TUG2;0,0449;1,4972;0,1116;-0,0615;-0,4123;0,0052;-0,9090;;False
678,91;19.42;pa010​;20250411_094227;1;TUG2;0,0458;1,4974;0,1108;-0,0602;-0,4170;0,0055;-0,9069;;False
678,92;19.43;pa010​;20250411_094227;1;TUG2;0,0468;1,4978;0,1101;-0,0592;-0,4209;0,0051;-0,9052;;False
678,93;19.44;pa010​;20250411_094227;1;TUG2;0,0474;1,4980;0,1095;-0,0580;-0,4247;0,0051;-0,9035;;False
678,95;19.46;pa010​;20250411_094227;1;TUG2;0,0481;1,4982;0,1088;-0,0573;-0,4278;0,0060;-0,9020;;False
678,96;19.47;pa010​;20250411_094227;1;TUG2;0,0487;1,4985;0,1083;-0,0567;-0,4310;0,0063;-0,9006;;False
678,98;19.48;pa010​;20250411_094227;1;TUG2;0,0493;1,4986;0,1077;-0,0557;-0,4340;0,0067;-0,8992;;False
678,99;19.5;pa010​;20250411_094227;1;TUG2;0,0499;1,4987;0,1073;-0,0553;-0,4367;0,0070;-0,8979;;False
679,00;19.51;pa010​;20250411_094227;1;TUG2;0,0505;1,4988;0,1068;-0,0547;-0,4397;0,0072;-0,8965;;False
679,02;19.53;pa010​;20250411_094227;1;TUG2;0,0511;1,4989;0,1063;-0,0542;-0,4425;0,0074;-0,8951;;False
679,03;19.54;pa010​;20250411_094227;1;TUG2;0,0518;1,4989;0,1059;-0,0539;-0,4456;0,0073;-0,8936;;False
679,04;19.55;pa010​;20250411_094227;1;TUG2;0,0525;1,4989;0,1055;-0,0540;-0,4483;0,0074;-0,8922;;False
679,06;19.57;pa010​;20250411_094227;1;TUG2;0,0533;1,4989;0,1051;-0,0541;-0,4512;0,0078;-0,8908;;False
679,07;19.58;pa010​;20250411_094227;1;TUG2;0,0540;1,4988;0,1047;-0,0540;-0,4539;0,0077;-0,8894;;False
679,09;19.59;pa010​;20250411_094227;1;TUG2;0,0546;1,4987;0,1044;-0,0543;-0,4565;0,0080;-0,8880;;False
679,10;19.61;pa010​;20250411_094227;1;TUG2;0,0553;1,4986;0,1040;-0,0546;-0,4589;0,0087;-0,8868;;False
679,11;19.62;pa010​;20250411_094227;1;TUG2;0,0558;1,4985;0,1037;-0,0550;-0,4610;0,0090;-0,8856;;False
679,13;19.64;pa010​;20250411_094227;1;TUG2;0,0564;1,4984;0,1034;-0,0555;-0,4628;0,0098;-0,8847;;False
679,14;19.65;pa010​;20250411_094227;1;TUG2;0,0568;1,4983;0,1032;-0,0560;-0,4645;0,0105;-0,8837;;False
679,16;19.67;pa010​;20250411_094227;1;TUG2;0,0572;1,4982;0,1029;-0,0562;-0,4662;0,0115;-0,8828;;False
679,17;19.68;pa010​;20250411_094227;1;TUG2;0,0576;1,4982;0,1028;-0,0563;-0,4678;0,0122;-0,8820;;False
679,18;19.69;pa010​;20250411_094227;1;TUG2;0,0580;1,4981;0,1026;-0,0563;-0,4692;0,0125;-0,8812;;False
679,20;19.71;pa010​;20250411_094227;1;TUG2;0,0583;1,4982;0,1025;-0,0561;-0,4702;0,0126;-0,8807;;False
679,21;19.72;pa010​;20250411_094227;1;TUG2;0,0586;1,4983;0,1025;-0,0559;-0,4710;0,0127;-0,8802;;False
679,23;19.73;pa010​;20250411_094227;1;TUG2;0,0588;1,4984;0,1025;-0,0557;-0,4716;0,0128;-0,8800;;False
679,24;19.75;pa010​;20250411_094227;1;TUG2;0,0590;1,4984;0,1026;-0,0554;-0,4721;0,0130;-0,8797;;False
679,25;19.76;pa010​;20250411_094227;1;TUG2;0,0592;1,4984;0,1026;-0,0554;-0,4726;0,0129;-0,8794;;False
679,27;19.78;pa010​;20250411_094227;1;TUG2;0,0593;1,4984;0,1028;-0,0554;-0,4730;0,0132;-0,8792;;False
679,28;19.79;pa010​;20250411_094227;1;TUG2;0,0594;1,4984;0,1029;-0,0556;-0,4730;0,0132;-0,8792;;False
679,29;19.8;pa010​;20250411_094227;1;TUG2;0,0594;1,4984;0,1030;-0,0556;-0,4728;0,0132;-0,8793;;False
679,31;19.82;pa010​;20250411_094227;1;TUG2;0,0595;1,4983;0,1032;-0,0557;-0,4728;0,0132;-0,8793;;False
679,32;19.83;pa010​;20250411_094227;1;TUG2;0,0595;1,4982;0,1034;-0,0558;-0,4725;0,0133;-0,8795;;False
679,34;19.85;pa010​;20250411_094227;1;TUG2;0,0596;1,4981;0,1036;-0,0557;-0,4721;0,0135;-0,8797;;False
679,35;19.86;pa010​;20250411_094227;1;TUG2;0,0596;1,4981;0,1037;-0,0555;-0,4719;0,0137;-0,8798;;False
679,36;19.87;pa010​;20250411_094227;1;TUG2;0,0596;1,4980;0,1037;-0,0552;-0,4720;0,0140;-0,8798;;False
679,38;19.89;pa010​;20250411_094227;1;TUG2;0,0596;1,4980;0,1037;-0,0551;-0,4719;0,0141;-0,8798;;False
679,39;19.9;pa010​;20250411_094227;1;TUG2;0,0595;1,4979;0,1038;-0,0553;-0,4718;0,0143;-0,8798;;False
679,41;19.92;pa010​;20250411_094227;1;TUG2;0,0593;1,4978;0,1039;-0,0554;-0,4717;0,0141;-0,8799;;False
679,42;19.93;pa010​;20250411_094227;1;TUG2;0,0591;1,4977;0,1041;-0,0553;-0,4712;0,0137;-0,8802;;False
679,43;19.94;pa010​;20250411_094227;1;TUG2;0,0589;1,4978;0,1042;-0,0551;-0,4702;0,0131;-0,8807;;False
679,45;19.96;pa010​;20250411_094227;1;TUG2;0,0587;1,4978;0,1044;-0,0547;-0,4689;0,0126;-0,8814;;False
679,46;19.97;pa010​;20250411_094227;1;TUG2;0,0584;1,4979;0,1047;-0,0540;-0,4668;0,0124;-0,8826;;False
679,48;19.98;pa010​;20250411_094227;1;TUG2;0,0578;1,4980;0,1050;-0,0534;-0,4648;0,0130;-0,8837;;False
679,49;20.0;pa010​;20250411_094227;1;TUG2;0,0575;1,4980;0,1053;-0,0525;-0,4627;0,0137;-0,8849;;False
679,50;20.01;pa010​;20250411_094227;1;TUG2;0,0572;1,4982;0,1055;-0,0518;-0,4607;0,0140;-0,8860;;False
679,52;20.03;pa010​;20250411_094227;1;TUG2;0,0568;1,4983;0,1057;-0,0512;-0,4588;0,0138;-0,8869;;False
679,53;20.04;pa010​;20250411_094227;1;TUG2;0,0565;1,4984;0,1059;-0,0508;-0,4577;0,0134;-0,8875;;False
679,54;20.05;pa010​;20250411_094227;1;TUG2;0,0563;1,4985;0,1060;-0,0507;-0,4570;0,0126;-0,8879;;False
679,56;20.07;pa010​;20250411_094227;1;TUG2;0,0561;1,4987;0,1061;-0,0508;-0,4568;0,0118;-0,8881;;False
679,57;20.08;pa010​;20250411_094227;1;TUG2;0,0560;1,4988;0,1061;-0,0508;-0,4568;0,0112;-0,8880;;False
679,59;20.1;pa010​;20250411_094227;1;TUG2;0,0558;1,4989;0,1062;-0,0507;-0,4567;0,0107;-0,8881;;False
679,60;20.11;pa010​;20250411_094227;1;TUG2;0,0558;1,4990;0,1061;-0,0507;-0,4569;0,0106;-0,8880;;False
679,61;20.12;pa010​;20250411_094227;1;TUG2;0,0558;1,4991;0,1060;-0,0507;-0,4570;0,0105;-0,8880;;False
679,63;20.14;pa010​;20250411_094227;1;TUG2;0,0558;1,4993;0,1059;-0,0506;-0,4569;0,0108;-0,8880;;False
679,64;20.15;pa010​;20250411_094227;1;TUG2;0,0558;1,4994;0,1058;-0,0505;-0,4569;0,0108;-0,8880;;False
679,66;20.16;pa010​;20250411_094227;1;TUG2;0,0558;1,4996;0,1057;-0,0500;-0,4572;0,0107;-0,8879;;False
679,67;20.18;pa010​;20250411_094227;1;TUG2;0,0559;1,4998;0,1057;-0,0500;-0,4576;0,0103;-0,8877;;False
679,68;20.19;pa010​;20250411_094227;1;TUG2;0,0559;1,4998;0,1058;-0,0501;-0,4580;0,0100;-0,8875;;False
679,70;20.21;pa010​;20250411_094227;1;TUG2;0,0559;1,4999;0,1059;-0,0503;-0,4582;0,0095;-0,8874;;False
679,71;20.22;pa010​;20250411_094227;1;TUG2;0,0560;1,4998;0,1061;-0,0508;-0,4583;0,0090;-0,8873;;False
679,73;20.23;pa010​;20250411_094227;1;TUG2;0,0561;1,4998;0,1063;-0,0511;-0,4584;0,0087;-0,8873;;False
679,74;20.25;pa010​;20250411_094227;1;TUG2;0,0562;1,4997;0,1066;-0,0516;-0,4583;0,0085;-0,8872;;False
679,75;20.26;pa010​;20250411_094227;1;TUG2;0,0563;1,4996;0,1069;-0,0522;-0,4583;0,0084;-0,8872;;False
679,77;20.28;pa010​;20250411_094227;1;TUG2;0,0565;1,4993;0,1073;-0,0531;-0,4584;0,0081;-0,8871;;False
679,78;20.29;pa010​;20250411_094227;1;TUG2;0,0567;1,4991;0,1076;-0,0539;-0,4584;0,0079;-0,8871;;False
679,80;20.3;pa010​;20250411_094227;1;TUG2;0,0569;1,4989;0,1080;-0,0548;-0,4583;0,0077;-0,8871;;False
679,81;20.32;pa010​;20250411_094227;1;TUG2;0,0570;1,4988;0,1083;-0,0557;-0,4582;0,0075;-0,8871;;False
679,82;20.33;pa010​;20250411_094227;1;TUG2;0,0571;1,4987;0,1086;-0,0563;-0,4582;0,0074;-0,8870;;False
679,84;20.35;pa010​;20250411_094227;1;TUG2;0,0573;1,4986;0,1089;-0,0567;-0,4582;0,0073;-0,8870;;False
679,85;20.36;pa010​;20250411_094227;1;TUG2;0,0575;1,4985;0,1090;-0,0569;-0,4583;0,0071;-0,8869;;False
679,86;20.37;pa010​;20250411_094227;1;TUG2;0,0578;1,4984;0,1090;-0,0571;-0,4584;0,0070;-0,8869;;False
679,88;20.39;pa010​;20250411_094227;1;TUG2;0,0580;1,4984;0,1092;-0,0572;-0,4587;0,0068;-0,8867;;False
679,89;20.4;pa010​;20250411_094227;1;TUG2;0,0583;1,4985;0,1093;-0,0572;-0,4591;0,0067;-0,8865;;False
679,91;20.42;pa010​;20250411_094227;1;TUG2;0,0586;1,4985;0,1094;-0,0573;-0,4596;0,0065;-0,8863;;False
679,92;20.43;pa010​;20250411_094227;1;TUG2;0,0589;1,4984;0,1094;-0,0575;-0,4599;0,0065;-0,8861;;False
679,93;20.44;pa010​;20250411_094227;1;TUG2;0,0591;1,4983;0,1095;-0,0577;-0,4604;0,0065;-0,8858;;False
679,95;20.46;pa010​;20250411_094227;1;TUG2;0,0594;1,4983;0,1095;-0,0580;-0,4608;0,0067;-0,8856;;False
679,96;20.47;pa010​;20250411_094227;1;TUG2;0,0596;1,4984;0,1096;-0,0581;-0,4611;0,0067;-0,8854;;False
679,98;20.48;pa010​;20250411_094227;1;TUG2;0,0599;1,4984;0,1096;-0,0577;-0,4614;0,0065;-0,8853;;False
679,99;20.5;pa010​;20250411_094227;1;TUG2;0,0601;1,4985;0,1096;-0,0576;-0,4616;0,0063;-0,8852;;False
680,00;20.51;pa010​;20250411_094227;1;TUG2;0,0603;1,4985;0,1096;-0,0574;-0,4618;0,0059;-0,8851;;False
680,02;20.53;pa010​;20250411_094227;1;TUG2;0,0606;1,4985;0,1096;-0,0572;-0,4622;0,0062;-0,8849;;False
680,03;20.54;pa010​;20250411_094227;1;TUG2;0,0609;1,4984;0,1095;-0,0571;-0,4626;0,0065;-0,8847;;False
680,04;20.55;pa010​;20250411_094227;1;TUG2;0,0612;1,4984;0,1094;-0,0572;-0,4628;0,0066;-0,8846;;False
680,06;20.57;pa010​;20250411_094227;1;TUG2;0,0615;1,4983;0,1092;-0,0573;-0,4633;0,0067;-0,8843;;False
680,07;20.58;pa010​;20250411_094227;1;TUG2;0,0618;1,4982;0,1089;-0,0573;-0,4637;0,0068;-0,8841;;False
680,09;20.6;pa010​;20250411_094227;1;TUG2;0,0620;1,4982;0,1086;-0,0575;-0,4642;0,0070;-0,8838;;False
680,10;20.61;pa010​;20250411_094227;1;TUG2;0,0623;1,4982;0,1083;-0,0577;-0,4647;0,0072;-0,8836;;False
680,11;20.62;pa010​;20250411_094227;1;TUG2;0,0625;1,4983;0,1080;-0,0576;-0,4652;0,0073;-0,8833;;False
680,13;20.64;pa010​;20250411_094227;1;TUG2;0,0627;1,4984;0,1077;-0,0573;-0,4657;0,0075;-0,8830;;False
680,14;20.65;pa010​;20250411_094227;1;TUG2;0,0629;1,4986;0,1074;-0,0570;-0,4664;0,0075;-0,8827;;False
680,16;20.67;pa010​;20250411_094227;1;TUG2;0,0631;1,4987;0,1070;-0,0565;-0,4671;0,0074;-0,8824;;False
680,17;20.68;pa010​;20250411_094227;1;TUG2;0,0633;1,4988;0,1066;-0,0560;-0,4677;0,0073;-0,8821;;False
680,18;20.69;pa010​;20250411_094227;1;TUG2;0,0635;1,4990;0,1062;-0,0558;-0,4684;0,0073;-0,8817;;False
680,20;20.71;pa010​;20250411_094227;1;TUG2;0,0637;1,4991;0,1059;-0,0554;-0,4689;0,0072;-0,8815;;False
680,21;20.72;pa010​;20250411_094227;1;TUG2;0,0640;1,4991;0,1055;-0,0551;-0,4692;0,0073;-0,8813;;False
680,23;20.73;pa010​;20250411_094227;1;TUG2;0,0642;1,4992;0,1052;-0,0549;-0,4695;0,0076;-0,8812;;False
680,24;20.75;pa010​;20250411_094227;1;TUG2;0,0645;1,4992;0,1048;-0,0547;-0,4694;0,0078;-0,8813;;False
680,25;20.76;pa010​;20250411_094227;1;TUG2;0,0647;1,4993;0,1045;-0,0545;-0,4695;0,0081;-0,8812;;False
680,27;20.78;pa010​;20250411_094227;1;TUG2;0,0649;1,4994;0,1041;-0,0540;-0,4696;0,0079;-0,8812;;False
680,28;20.79;pa010​;20250411_094227;1;TUG2;0,0651;1,4995;0,1037;-0,0535;-0,4699;0,0077;-0,8810;;False
680,30;20.81;pa010​;20250411_094227;1;TUG2;0,0653;1,4996;0,1033;-0,0530;-0,4705;0,0077;-0,8808;;False
680,31;20.82;pa010​;20250411_094227;1;TUG2;0,0655;1,4996;0,1029;-0,0527;-0,4711;0,0075;-0,8805;;False
680,32;20.83;pa010​;20250411_094227;1;TUG2;0,0657;1,4995;0,1026;-0,0526;-0,4715;0,0074;-0,8803;;False
680,34;20.85;pa010​;20250411_094227;1;TUG2;0,0658;1,4995;0,1023;-0,0527;-0,4717;0,0074;-0,8802;;False
680,35;20.86;pa010​;20250411_094227;1;TUG2;0,0659;1,4995;0,1019;-0,0528;-0,4716;0,0075;-0,8802;;False
680,36;20.87;pa010​;20250411_094227;1;TUG2;0,0660;1,4995;0,1016;-0,0528;-0,4716;0,0076;-0,8802;;False
680,38;20.89;pa010​;20250411_094227;1;TUG2;0,0661;1,4996;0,1012;-0,0528;-0,4712;0,0079;-0,8804;;False
680,39;20.9;pa010​;20250411_094227;1;TUG2;0,0662;1,4998;0,1008;-0,0523;-0,4708;0,0080;-0,8807;;False
680,41;20.92;pa010​;20250411_094227;1;TUG2;0,0663;1,4999;0,1004;-0,0514;-0,4707;0,0080;-0,8808;;False
680,42;20.93;pa010​;20250411_094227;1;TUG2;0,0665;1,5000;0,1000;-0,0507;-0,4707;0,0080;-0,8808;;False
680,43;20.94;pa010​;20250411_094227;1;TUG2;0,0667;1,5000;0,0995;-0,0503;-0,4711;0,0081;-0,8806;;False
680,45;20.96;pa010​;20250411_094227;1;TUG2;0,0668;1,5000;0,0991;-0,0501;-0,4713;0,0081;-0,8805;;False
680,46;20.97;pa010​;20250411_094227;1;TUG2;0,0669;1,5000;0,0986;-0,0501;-0,4714;0,0079;-0,8805;;False
680,48;20.98;pa010​;20250411_094227;1;TUG2;0,0670;1,5000;0,0982;-0,0503;-0,4715;0,0080;-0,8804;;False
680,49;21.0;pa010​;20250411_094227;1;TUG2;0,0671;1,4999;0,0978;-0,0505;-0,4716;0,0081;-0,8803;;False
680,50;21.01;pa010​;20250411_094227;1;TUG2;0,0671;1,4998;0,0974;-0,0506;-0,4718;0,0082;-0,8802;;False
680,52;21.03;pa010​;20250411_094227;1;TUG2;0,0671;1,4998;0,0970;-0,0506;-0,4718;0,0081;-0,8802;;False
680,53;21.04;pa010​;20250411_094227;1;TUG2;0,0670;1,4997;0,0967;-0,0505;-0,4718;0,0080;-0,8802;;False
680,55;21.05;pa010​;20250411_094227;1;TUG2;0,0671;1,4996;0,0963;-0,0503;-0,4717;0,0079;-0,8803;;False
680,56;21.07;pa010​;20250411_094227;1;TUG2;0,0671;1,4996;0,0959;-0,0500;-0,4719;0,0084;-0,8802;;False
680,57;21.08;pa010​;20250411_094227;1;TUG2;0,0671;1,4996;0,0954;-0,0498;-0,4719;0,0088;-0,8802;;False
680,59;21.1;pa010​;20250411_094227;1;TUG2;0,0672;1,4997;0,0950;-0,0496;-0,4721;0,0090;-0,8801;;False
680,60;21.11;pa010​;20250411_094227;1;TUG2;0,0672;1,4997;0,0946;-0,0493;-0,4724;0,0091;-0,8800;;False
680,61;21.12;pa010​;20250411_094227;1;TUG2;0,0672;1,4997;0,0943;-0,0491;-0,4726;0,0092;-0,8799;;False
680,63;21.14;pa010​;20250411_094227;1;TUG2;0,0672;1,4996;0,0939;-0,0490;-0,4726;0,0093;-0,8799;;False
680,64;21.15;pa010​;20250411_094227;1;TUG2;0,0672;1,4997;0,0936;-0,0491;-0,4726;0,0093;-0,8799;;False
680,66;21.17;pa010​;20250411_094227;1;TUG2;0,0671;1,4998;0,0933;-0,0490;-0,4725;0,0094;-0,8799;;False
680,67;21.18;pa010​;20250411_094227;1;TUG2;0,0670;1,5000;0,0931;-0,0485;-0,4723;0,0091;-0,8801;;False
680,68;21.19;pa010​;20250411_094227;1;TUG2;0,0670;1,5002;0,0928;-0,0478;-0,4719;0,0088;-0,8803;;False
680,70;21.21;pa010​;20250411_094227;1;TUG2;0,0669;1,5003;0,0924;-0,0472;-0,4720;0,0085;-0,8803;;False
680,71;21.22;pa010​;20250411_094227;1;TUG2;0,0668;1,5004;0,0921;-0,0465;-0,4721;0,0082;-0,8803;;False
680,72;21.23;pa010​;20250411_094227;1;TUG2;0,0667;1,5005;0,0918;-0,0462;-0,4723;0,0083;-0,8802;;False
680,74;21.25;pa010​;20250411_094227;1;TUG2;0,0667;1,5006;0,0915;-0,0456;-0,4725;0,0082;-0,8801;;False
680,75;21.26;pa010​;20250411_094227;1;TUG2;0,0667;1,5006;0,0911;-0,0452;-0,4727;0,0084;-0,8800;;False
680,77;21.28;pa010​;20250411_094227;1;TUG2;0,0667;1,5006;0,0908;-0,0452;-0,4731;0,0088;-0,8798;;False
680,78;21.29;pa010​;20250411_094227;1;TUG2;0,0667;1,5007;0,0906;-0,0452;-0,4733;0,0089;-0,8797;;False
680,80;21.3;pa010​;20250411_094227;1;TUG2;0,0667;1,5007;0,0903;-0,0452;-0,4734;0,0090;-0,8796;;False
680,81;21.32;pa010​;20250411_094227;1;TUG2;0,0667;1,5007;0,0901;-0,0453;-0,4737;0,0089;-0,8795;;False
680,82;21.33;pa010​;20250411_094227;1;TUG2;0,0667;1,5007;0,0899;-0,0453;-0,4739;0,0088;-0,8794;;False
680,84;21.35;pa010​;20250411_094227;1;TUG2;0,0668;1,5005;0,0898;-0,0451;-0,4741;0,0086;-0,8792;;False
680,85;21.36;pa010​;20250411_094227;1;TUG2;0,0668;1,5004;0,0898;-0,0452;-0,4743;0,0085;-0,8792;;False
680,86;21.37;pa010​;20250411_094227;1;TUG2;0,0669;1,5004;0,0896;-0,0452;-0,4744;0,0085;-0,8791;;False
680,88;21.39;pa010​;20250411_094227;1;TUG2;0,0669;1,5004;0,0895;-0,0453;-0,4745;0,0088;-0,8791;;False
680,89;21.4;pa010​;20250411_094227;1;TUG2;0,0670;1,5002;0,0894;-0,0453;-0,4744;0,0090;-0,8791;;False
680,91;21.42;pa010​;20250411_094227;1;TUG2;0,0670;1,5000;0,0893;-0,0454;-0,4742;0,0093;-0,8792;;False
680,92;21.43;pa010​;20250411_094227;1;TUG2;0,0671;1,4999;0,0893;-0,0452;-0,4739;0,0094;-0,8794;;False
680,95;21.46;pa010​;20250411_094227;1;TUG2;0,0672;1,4999;0,0893;-0,0448;-0,4735;0,0094;-0,8796;;False
680,96;21.47;pa010​;20250411_094227;1;TUG2;0,0673;1,4996;0,0892;-0,0443;-0,4737;0,0092;-0,8795;;False
680,98;21.48;pa010​;20250411_094227;1;TUG2;0,0674;1,4993;0,0891;-0,0442;-0,4740;0,0089;-0,8794;;False
680,99;21.5;pa010​;20250411_094227;1;TUG2;0,0676;1,4992;0,0891;-0,0442;-0,4744;0,0088;-0,8792;;False
681,00;21.51;pa010​;20250411_094227;1;TUG2;0,0677;1,4992;0,0891;-0,0443;-0,4748;0,0088;-0,8789;;False
681,02;21.53;pa010​;20250411_094227;1;TUG2;0,0678;1,4991;0,0891;-0,0446;-0,4750;0,0089;-0,8788;;False
681,03;21.54;pa010​;20250411_094227;1;TUG2;0,0680;1,4990;0,0892;-0,0447;-0,4753;0,0092;-0,8787;;False
681,05;21.55;pa010​;20250411_094227;1;TUG2;0,0681;1,4989;0,0893;-0,0450;-0,4755;0,0096;-0,8785;;False
681,06;21.57;pa010​;20250411_094227;1;TUG2;0,0683;1,4988;0,0894;-0,0451;-0,4755;0,0096;-0,8785;;False
681,07;21.58;pa010​;20250411_094227;1;TUG2;0,0684;1,4987;0,0895;-0,0452;-0,4755;0,0094;-0,8785;;False
681,09;21.6;pa010​;20250411_094227;1;TUG2;0,0686;1,4985;0,0896;-0,0454;-0,4752;0,0093;-0,8786;;False
681,10;21.61;pa010​;20250411_094227;1;TUG2;0,0688;1,4980;0,0896;-0,0458;-0,4754;0,0099;-0,8785;;False
681,11;21.62;pa010​;20250411_094227;1;TUG2;0,0690;1,4976;0,0896;-0,0459;-0,4752;0,0105;-0,8786;;False
681,13;21.64;pa010​;20250411_094227;1;TUG2;0,0691;1,4975;0,0898;-0,0462;-0,4751;0,0107;-0,8786;;False
681,14;21.65;pa010​;20250411_094227;1;TUG2;0,0693;1,4974;0,0899;-0,0463;-0,4752;0,0109;-0,8786;;False
681,16;21.66;pa010​;20250411_094227;1;TUG2;0,0693;1,4974;0,0899;-0,0466;-0,4752;0,0109;-0,8786;;False
681,17;21.68;pa010​;20250411_094227;1;TUG2;0,0693;1,4974;0,0898;-0,0467;-0,4752;0,0112;-0,8785;;False
681,18;21.69;pa010​;20250411_094227;1;TUG2;0,0693;1,4974;0,0898;-0,0467;-0,4751;0,0112;-0,8786;;False
681,20;21.71;pa010​;20250411_094227;1;TUG2;0,0693;1,4975;0,0898;-0,0464;-0,4751;0,0113;-0,8786;;False
681,21;21.72;pa010​;20250411_094227;1;TUG2;0,0694;1,4976;0,0899;-0,0463;-0,4750;0,0114;-0,8787;;False
681,23;21.73;pa010​;20250411_094227;1;TUG2;0,0693;1,4976;0,0900;-0,0456;-0,4747;0,0113;-0,8789;;False
681,24;21.75;pa010​;20250411_094227;1;TUG2;0,0691;1,4976;0,0901;-0,0454;-0,4741;0,0113;-0,8792;;False
681,25;21.76;pa010​;20250411_094227;1;TUG2;0,0690;1,4977;0,0902;-0,0452;-0,4735;0,0117;-0,8796;;False
681,27;21.78;pa010​;20250411_094227;1;TUG2;0,0689;1,4977;0,0903;-0,0449;-0,4729;0,0117;-0,8799;;False
681,28;21.79;pa010​;20250411_094227;1;TUG2;0,0688;1,4977;0,0903;-0,0448;-0,4724;0,0115;-0,8802;;False
681,30;21.8;pa010​;20250411_094227;1;TUG2;0,0687;1,4974;0,0904;-0,0450;-0,4720;0,0114;-0,8804;;False
681,31;21.82;pa010​;20250411_094227;1;TUG2;0,0685;1,4972;0,0904;-0,0453;-0,4717;0,0115;-0,8805;;False
681,32;21.83;pa010​;20250411_094227;1;TUG2;0,0684;1,4971;0,0904;-0,0455;-0,4714;0,0116;-0,8807;;False
681,34;21.85;pa010​;20250411_094227;1;TUG2;0,0683;1,4970;0,0904;-0,0455;-0,4710;0,0116;-0,8809;;False
681,35;21.86;pa010​;20250411_094227;1;TUG2;0,0683;1,4971;0,0904;-0,0452;-0,4704;0,0116;-0,8812;;False
681,36;21.87;pa010​;20250411_094227;1;TUG2;0,0682;1,4973;0,0904;-0,0448;-0,4698;0,0118;-0,8816;;False
681,38;21.89;pa010​;20250411_094227;1;TUG2;0,0682;1,4975;0,0904;-0,0444;-0,4693;0,0118;-0,8819;;False
681,39;21.9;pa010​;20250411_094227;1;TUG2;0,0682;1,4975;0,0903;-0,0440;-0,4688;0,0117;-0,8821;;False
681,41;21.91;pa010​;20250411_094227;1;TUG2;0,0682;1,4976;0,0902;-0,0437;-0,4687;0,0115;-0,8822;;False
681,42;21.93;pa010​;20250411_094227;1;TUG2;0,0682;1,4977;0,0901;-0,0434;-0,4686;0,0114;-0,8823;;False
681,43;21.94;pa010​;20250411_094227;1;TUG2;0,0683;1,4978;0,0900;-0,0432;-0,4685;0,0113;-0,8824;;False
681,45;21.96;pa010​;20250411_094227;1;TUG2;0,0683;1,4978;0,0898;-0,0431;-0,4684;0,0113;-0,8824;;False
681,46;21.97;pa010​;20250411_094227;1;TUG2;0,0684;1,4978;0,0896;-0,0431;-0,4681;0,0115;-0,8825;;False
681,48;21.98;pa010​;20250411_094227;1;TUG2;0,0685;1,4978;0,0894;-0,0430;-0,4679;0,0117;-0,8826;;False
681,49;22.0;pa010​;20250411_094227;1;TUG2;0,0686;1,4977;0,0891;-0,0428;-0,4676;0,0117;-0,8828;;False
681,50;22.01;pa010​;20250411_094227;1;TUG2;0,0687;1,4977;0,0888;-0,0428;-0,4672;0,0117;-0,8830;;False
681,52;22.03;pa010​;20250411_094227;1;TUG2;0,0688;1,4976;0,0885;-0,0429;-0,4670;0,0118;-0,8831;;False
681,53;22.04;pa010​;20250411_094227;1;TUG2;0,0689;1,4976;0,0882;-0,0427;-0,4667;0,0118;-0,8833;;False
681,54;22.05;pa010​;20250411_094227;1;TUG2;0,0690;1,4976;0,0880;-0,0426;-0,4664;0,0118;-0,8835;;False
681,56;22.07;pa010​;20250411_094227;1;TUG2;0,0692;1,4977;0,0877;-0,0423;-0,4661;0,0117;-0,8837;;False
681,57;22.08;pa010​;20250411_094227;1;TUG2;0,0693;1,4979;0,0873;-0,0419;-0,4657;0,0119;-0,8839;;False
681,59;22.1;pa010​;20250411_094227;1;TUG2;0,0694;1,4979;0,0869;-0,0414;-0,4655;0,0118;-0,8840;;False
681,60;22.11;pa010​;20250411_094227;1;TUG2;0,0695;1,4979;0,0866;-0,0409;-0,4653;0,0118;-0,8841;;False
681,61;22.12;pa010​;20250411_094227;1;TUG2;0,0697;1,4980;0,0863;-0,0406;-0,4653;0,0114;-0,8841;;False
681,63;22.14;pa010​;20250411_094227;1;TUG2;0,0699;1,4980;0,0858;-0,0401;-0,4652;0,0110;-0,8842;;False
681,64;22.15;pa010​;20250411_094227;1;TUG2;0,0700;1,4979;0,0854;-0,0399;-0,4653;0,0113;-0,8842;;False
681,66;22.17;pa010​;20250411_094227;1;TUG2;0,0702;1,4978;0,0849;-0,0399;-0,4652;0,0118;-0,8843;;False
681,67;22.18;pa010​;20250411_094227;1;TUG2;0,0704;1,4978;0,0845;-0,0399;-0,4651;0,0117;-0,8843;;False
681,68;22.19;pa010​;20250411_094227;1;TUG2;0,0707;1,4978;0,0841;-0,0394;-0,4646;0,0117;-0,8846;;False
681,70;22.21;pa010​;20250411_094227;1;TUG2;0,0708;1,4978;0,0837;-0,0387;-0,4635;0,0118;-0,8852;;False
681,71;22.22;pa010​;20250411_094227;1;TUG2;0,0709;1,4978;0,0835;-0,0378;-0,4613;0,0127;-0,8864;;False
681,73;22.23;pa010​;20250411_094227;1;TUG2;0,0708;1,4981;0,0834;-0,0364;-0,4582;0,0139;-0,8880;;False
681,74;22.25;pa010​;20250411_094227;1;TUG2;0,0708;1,4982;0,0831;-0,0345;-0,4538;0,0149;-0,8903;;False
681,75;22.26;pa010​;20250411_094227;1;TUG2;0,0703;1,4986;0,0834;-0,0317;-0,4471;0,0165;-0,8937;;False
681,77;22.28;pa010​;20250411_094227;1;TUG2;0,0690;1,4995;0,0843;-0,0281;-0,4386;0,0193;-0,8980;;False
681,78;22.29;pa010​;20250411_094227;1;TUG2;0,0681;1,5004;0,0849;-0,0242;-0,4288;0,0218;-0,9028;;False
681,79;22.3;pa010​;20250411_094227;1;TUG2;0,0670;1,5011;0,0856;-0,0202;-0,4185;0,0242;-0,9077;;False
681,81;22.32;pa010​;20250411_094227;1;TUG2;0,0659;1,5017;0,0862;-0,0161;-0,4070;0,0271;-0,9129;;False
681,82;22.33;pa010​;20250411_094227;1;TUG2;0,0649;1,5023;0,0868;-0,0117;-0,3952;0,0295;-0,9180;;False
681,84;22.35;pa010​;20250411_094227;1;TUG2;0,0636;1,5031;0,0875;-0,0084;-0,3840;0,0316;-0,9227;;False
681,85;22.36;pa010​;20250411_094227;1;TUG2;0,0625;1,5037;0,0881;-0,0057;-0,3730;0,0332;-0,9272;;False
681,86;22.37;pa010​;20250411_094227;1;TUG2;0,0616;1,5042;0,0887;-0,0034;-0,3640;0,0342;-0,9307;;False
681,88;22.39;pa010​;20250411_094227;1;TUG2;0,0610;1,5045;0,0890;-0,0020;-0,3563;0,0345;-0,9337;;False
681,89;22.4;pa010​;20250411_094227;1;TUG2;0,0607;1,5049;0,0891;-0,0017;-0,3512;0,0341;-0,9357;;False
681,91;22.41;pa010​;20250411_094227;1;TUG2;0,0605;1,5053;0,0890;-0,0016;-0,3468;0,0343;-0,9373;;False
681,92;22.43;pa010​;20250411_094227;1;TUG2;0,0603;1,5055;0,0890;-0,0011;-0,3433;0,0347;-0,9386;;False
681,93;22.44;pa010​;20250411_094227;1;TUG2;0,0601;1,5056;0,0890;-0,0009;-0,3394;0,0354;-0,9400;;False
681,95;22.46;pa010​;20250411_094227;1;TUG2;0,0600;1,5059;0,0891;0,0000;-0,3358;0,0365;-0,9412;;False
681,96;22.47;pa010​;20250411_094227;1;TUG2;0,0596;1,5062;0,0893;0,0011;-0,3332;0,0370;-0,9421;;False
681,97;22.48;pa010​;20250411_094227;1;TUG2;0,0598;1,5063;0,0893;0,0016;-0,3315;0,0371;-0,9427;;False
681,99;22.5;pa010​;20250411_094227;1;TUG2;0,0601;1,5062;0,0891;0,0010;-0,3302;0,0374;-0,9432;;False
682,00;22.51;pa010​;20250411_094227;1;TUG2;0,0604;1,5060;0,0890;0,0000;-0,3298;0,0370;-0,9433;;False
682,02;22.53;pa010​;20250411_094227;1;TUG2;0,0608;1,5060;0,0888;-0,0015;-0,3291;0,0369;-0,9436;;False
682,03;22.54;pa010​;20250411_094227;1;TUG2;0,0613;1,5057;0,0887;-0,0027;-0,3285;0,0371;-0,9438;;False
682,04;22.55;pa010​;20250411_094227;1;TUG2;0,0617;1,5056;0,0887;-0,0040;-0,3275;0,0374;-0,9441;;False
682,06;22.57;pa010​;20250411_094227;1;TUG2;0,0621;1,5053;0,0887;-0,0048;-0,3265;0,0380;-0,9444;;False
682,07;22.58;pa010​;20250411_094227;1;TUG2;0,0625;1,5052;0,0886;-0,0055;-0,3253;0,0386;-0,9448;;False
682,09;22.59;pa010​;20250411_094227;1;TUG2;0,0629;1,5051;0,0886;-0,0059;-0,3245;0,0386;-0,9451;;False
682,10;22.61;pa010​;20250411_094227;1;TUG2;0,0633;1,5050;0,0885;-0,0066;-0,3235;0,0387;-0,9454;;False
682,11;22.62;pa010​;20250411_094227;1;TUG2;0,0636;1,5049;0,0885;-0,0074;-0,3228;0,0388;-0,9456;;False
682,13;22.64;pa010​;20250411_094227;1;TUG2;0,0641;1,5049;0,0885;-0,0080;-0,3219;0,0388;-0,9459;;False
682,14;22.65;pa010​;20250411_094227;1;TUG2;0,0644;1,5048;0,0883;-0,0084;-0,3209;0,0387;-0,9463;;False
682,16;22.67;pa010​;20250411_094227;1;TUG2;0,0649;1,5049;0,0882;-0,0087;-0,3194;0,0387;-0,9468;;False
682,17;22.68;pa010​;20250411_094227;1;TUG2;0,0654;1,5050;0,0880;-0,0084;-0,3177;0,0387;-0,9473;;False
682,19;22.69;pa010​;20250411_094227;1;TUG2;0,0658;1,5050;0,0880;-0,0079;-0,3165;0,0392;-0,9478;;False
682,20;22.71;pa010​;20250411_094227;1;TUG2;0,0662;1,5050;0,0878;-0,0075;-0,3152;0,0395;-0,9482;;False
682,21;22.72;pa010​;20250411_094227;1;TUG2;0,0667;1,5050;0,0877;-0,0074;-0,3144;0,0393;-0,9484;;False
682,22;22.73;pa010​;20250411_094227;1;TUG2;0,0672;1,5051;0,0875;-0,0073;-0,3140;0,0389;-0,9486;;False
682,24;22.75;pa010​;20250411_094227;1;TUG2;0,0678;1,5051;0,0873;-0,0073;-0,3138;0,0384;-0,9487;;False
682,25;22.76;pa010​;20250411_094227;1;TUG2;0,0683;1,5051;0,0871;-0,0077;-0,3133;0,0379;-0,9489;;False
682,27;22.78;pa010​;20250411_094227;1;TUG2;0,0688;1,5052;0,0868;-0,0082;-0,3128;0,0380;-0,9490;;False
682,28;22.79;pa010​;20250411_094227;1;TUG2;0,0694;1,5053;0,0864;-0,0082;-0,3119;0,0380;-0,9493;;False
682,29;22.8;pa010​;20250411_094227;1;TUG2;0,0700;1,5055;0,0860;-0,0081;-0,3109;0,0385;-0,9496;;False
682,31;22.82;pa010​;20250411_094227;1;TUG2;0,0707;1,5056;0,0856;-0,0076;-0,3100;0,0389;-0,9499;;False
682,32;22.83;pa010​;20250411_094227;1;TUG2;0,0713;1,5057;0,0853;-0,0074;-0,3094;0,0392;-0,9501;;False
682,34;22.85;pa010​;20250411_094227;1;TUG2;0,0719;1,5058;0,0850;-0,0071;-0,3089;0,0396;-0,9502;;False
682,35;22.86;pa010​;20250411_094227;1;TUG2;0,0725;1,5059;0,0847;-0,0067;-0,3088;0,0395;-0,9503;;False
682,37;22.87;pa010​;20250411_094227;1;TUG2;0,0731;1,5060;0,0844;-0,0066;-0,3090;0,0393;-0,9502;;False
682,38;22.89;pa010​;20250411_094227;1;TUG2;0,0736;1,5061;0,0841;-0,0063;-0,3089;0,0392;-0,9503;;False
682,39;22.9;pa010​;20250411_094227;1;TUG2;0,0742;1,5062;0,0839;-0,0057;-0,3089;0,0391;-0,9503;;False
682,41;22.91;pa010​;20250411_094227;1;TUG2;0,0748;1,5064;0,0836;-0,0051;-0,3084;0,0391;-0,9504;;False
682,42;22.93;pa010​;20250411_094227;1;TUG2;0,0752;1,5066;0,0833;-0,0041;-0,3080;0,0393;-0,9506;;False
682,43;22.94;pa010​;20250411_094227;1;TUG2;0,0758;1,5068;0,0830;-0,0028;-0,3072;0,0395;-0,9508;;False
682,45;22.96;pa010​;20250411_094227;1;TUG2;0,0763;1,5069;0,0828;-0,0016;-0,3066;0,0396;-0,9510;;False
682,46;22.97;pa010​;20250411_094227;1;TUG2;0,0768;1,5070;0,0827;-0,0008;-0,3061;0,0397;-0,9512;;False
682,48;22.98;pa010​;20250411_094227;1;TUG2;0,0773;1,5070;0,0826;-0,0007;-0,3058;0,0395;-0,9513;;False
682,49;23.0;pa010​;20250411_094227;1;TUG2;0,0779;1,5071;0,0825;-0,0008;-0,3058;0,0393;-0,9513;;False
682,50;23.01;pa010​;20250411_094227;1;TUG2;0,0785;1,5071;0,0825;-0,0010;-0,3066;0,0389;-0,9511;;False
682,52;23.03;pa010​;20250411_094227;1;TUG2;0,0792;1,5072;0,0823;-0,0008;-0,3072;0,0385;-0,9509;;False
682,53;23.04;pa010​;20250411_094227;1;TUG2;0,0798;1,5072;0,0822;-0,0005;-0,3075;0,0387;-0,9508;;False
682,54;23.05;pa010​;20250411_094227;1;TUG2;0,0806;1,5074;0,0820;0,0005;-0,3081;0,0391;-0,9506;;False
682,56;23.07;pa010​;20250411_094227;1;TUG2;0,0814;1,5077;0,0817;0,0016;-0,3090;0,0393;-0,9502;;False
682,57;23.08;pa010​;20250411_094227;1;TUG2;0,0824;1,5079;0,0814;0,0030;-0,3108;0,0391;-0,9497;;False
682,59;23.1;pa010​;20250411_094227;1;TUG2;0,0835;1,5083;0,0810;0,0046;-0,3145;0,0379;-0,9485;;False
682,60;23.11;pa010​;20250411_094227;1;TUG2;0,0848;1,5086;0,0803;0,0061;-0,3201;0,0355;-0,9467;;False
682,61;23.12;pa010​;20250411_094227;1;TUG2;0,0863;1,5090;0,0796;0,0069;-0,3278;0,0326;-0,9442;;False
682,63;23.14;pa010​;20250411_094227;1;TUG2;0,0879;1,5093;0,0785;0,0078;-0,3373;0,0295;-0,9409;;False
682,64;23.15;pa010​;20250411_094227;1;TUG2;0,0897;1,5096;0,0775;0,0077;-0,3477;0,0260;-0,9372;;False
682,66;23.17;pa010​;20250411_094227;1;TUG2;0,0916;1,5098;0,0764;0,0081;-0,3579;0,0234;-0,9334;;False
682,67;23.18;pa010​;20250411_094227;1;TUG2;0,0935;1,5099;0,0753;0,0086;-0,3683;0,0213;-0,9294;;False
682,68;23.19;pa010​;20250411_094227;1;TUG2;0,0953;1,5100;0,0742;0,0088;-0,3791;0,0194;-0,9251;;False
682,70;23.21;pa010​;20250411_094227;1;TUG2;0,0974;1,5100;0,0731;0,0079;-0,3891;0,0177;-0,9210;;False
682,71;23.22;pa010​;20250411_094227;1;TUG2;0,0994;1,5099;0,0719;0,0073;-0,3996;0,0158;-0,9165;;False
682,73;23.23;pa010​;20250411_094227;1;TUG2;0,1011;1,5098;0,0709;0,0059;-0,4102;0,0145;-0,9119;;False
682,74;23.25;pa010​;20250411_094227;1;TUG2;0,1028;1,5094;0,0700;0,0037;-0,4200;0,0135;-0,9074;;False
682,75;23.26;pa010​;20250411_094227;1;TUG2;0,1046;1,5092;0,0691;0,0016;-0,4283;0,0122;-0,9036;;False
682,77;23.28;pa010​;20250411_094227;1;TUG2;0,1064;1,5090;0,0685;-0,0006;-0,4353;0,0114;-0,9002;;False
682,78;23.29;pa010​;20250411_094227;1;TUG2;0,1078;1,5087;0,0680;-0,0013;-0,4417;0,0115;-0,8971;;False
682,79;23.3;pa010​;20250411_094227;1;TUG2;0,1093;1,5086;0,0675;-0,0023;-0,4468;0,0119;-0,8945;;False
682,81;23.32;pa010​;20250411_094227;1;TUG2;0,1108;1,5083;0,0670;-0,0028;-0,4511;0,0127;-0,8924;;False
682,82;23.33;pa010​;20250411_094227;1;TUG2;0,1122;1,5080;0,0664;-0,0035;-0,4551;0,0140;-0,8903;;False
682,84;23.35;pa010​;20250411_094227;1;TUG2;0,1134;1,5077;0,0660;-0,0030;-0,4591;0,0142;-0,8883;;False
682,85;23.36;pa010​;20250411_094227;1;TUG2;0,1147;1,5075;0,0656;-0,0050;-0,4631;0,0155;-0,8862;;False
682,86;23.37;pa010​;20250411_094227;1;TUG2;0,1160;1,5072;0,0652;-0,0066;-0,4667;0,0161;-0,8843;;False
682,88;23.39;pa010​;20250411_094227;1;TUG2;0,1173;1,5071;0,0651;-0,0069;-0,4708;0,0160;-0,8820;;False
682,89;23.4;pa010​;20250411_094227;1;TUG2;0,1185;1,5069;0,0650;-0,0068;-0,4745;0,0155;-0,8801;;False
682,91;23.42;pa010​;20250411_094227;1;TUG2;0,1197;1,5067;0,0648;-0,0081;-0,4775;0,0159;-0,8785;;False
682,92;23.43;pa010​;20250411_094227;1;TUG2;0,1206;1,5063;0,0648;-0,0098;-0,4809;0,0163;-0,8766;;False
682,93;23.44;pa010​;20250411_094227;1;TUG2;0,1217;1,5060;0,0649;-0,0105;-0,4830;0,0162;-0,8754;;False
682,95;23.46;pa010​;20250411_094227;1;TUG2;0,1225;1,5058;0,0652;-0,0117;-0,4852;0,0165;-0,8742;;False
682,96;23.47;pa010​;20250411_094227;1;TUG2;0,1232;1,5053;0,0655;-0,0132;-0,4866;0,0171;-0,8734;;False
682,98;23.48;pa010​;20250411_094227;1;TUG2;0,1240;1,5048;0,0659;-0,0149;-0,4877;0,0181;-0,8727;;False
682,99;23.5;pa010​;20250411_094227;1;TUG2;0,1247;1,5043;0,0664;-0,0167;-0,4885;0,0190;-0,8722;;False
683,00;23.51;pa010​;20250411_094227;1;TUG2;0,1253;1,5036;0,0669;-0,0197;-0,4895;0,0197;-0,8715;;False
683,02;23.53;pa010​;20250411_094227;1;TUG2;0,1260;1,5028;0,0675;-0,0230;-0,4908;0,0209;-0,8707;;False
683,03;23.54;pa010​;20250411_094227;1;TUG2;0,1266;1,5018;0,0680;-0,0272;-0,4921;0,0219;-0,8698;;False
683,05;23.55;pa010​;20250411_094227;1;TUG2;0,1274;1,5011;0,0685;-0,0309;-0,4930;0,0229;-0,8692;;False
683,06;23.57;pa010​;20250411_094227;1;TUG2;0,1279;1,5006;0,0691;-0,0335;-0,4937;0,0237;-0,8687;;False
683,07;23.58;pa010​;20250411_094227;1;TUG2;0,1284;1,5004;0,0699;-0,0354;-0,4942;0,0244;-0,8683;;False
683,09;23.6;pa010​;20250411_094227;1;TUG2;0,1289;1,5002;0,0704;-0,0353;-0,4943;0,0248;-0,8682;;False
683,10;23.61;pa010​;20250411_094227;1;TUG2;0,1292;1,5001;0,0711;-0,0355;-0,4946;0,0253;-0,8681;;False
683,11;23.62;pa010​;20250411_094227;1;TUG2;0,1296;1,5001;0,0718;-0,0356;-0,4945;0,0254;-0,8681;;False
683,13;23.64;pa010​;20250411_094227;1;TUG2;0,1298;1,5003;0,0725;-0,0347;-0,4944;0,0253;-0,8682;;False
683,14;23.65;pa010​;20250411_094227;1;TUG2;0,1300;1,5005;0,0732;-0,0343;-0,4942;0,0252;-0,8683;;False
683,16;23.67;pa010​;20250411_094227;1;TUG2;0,1303;1,5009;0,0739;-0,0323;-0,4934;0,0244;-0,8689;;False
683,17;23.68;pa010​;20250411_094227;1;TUG2;0,1304;1,5012;0,0746;-0,0303;-0,4927;0,0236;-0,8694;;False
683,18;23.69;pa010​;20250411_094227;1;TUG2;0,1305;1,5014;0,0753;-0,0289;-0,4919;0,0232;-0,8699;;False
683,20;23.71;pa010​;20250411_094227;1;TUG2;0,1306;1,5017;0,0760;-0,0281;-0,4911;0,0230;-0,8703;;False
683,21;23.72;pa010​;20250411_094227;1;TUG2;0,1307;1,5020;0,0766;-0,0276;-0,4906;0,0229;-0,8706;;False
683,23;23.73;pa010​;20250411_094227;1;TUG2;0,1308;1,5022;0,0773;-0,0267;-0,4904;0,0226;-0,8708;;False
683,24;23.75;pa010​;20250411_094227;1;TUG2;0,1310;1,5022;0,0780;-0,0264;-0,4901;0,0221;-0,8710;;False
683,25;23.76;pa010​;20250411_094227;1;TUG2;0,1312;1,5021;0,0787;-0,0271;-0,4900;0,0222;-0,8710;;False
683,27;23.78;pa010​;20250411_094227;1;TUG2;0,1314;1,5019;0,0794;-0,0281;-0,4902;0,0225;-0,8709;;False
683,28;23.79;pa010​;20250411_094227;1;TUG2;0,1316;1,5016;0,0803;-0,0295;-0,4904;0,0233;-0,8707;;False
683,30;23.8;pa010​;20250411_094227;1;TUG2;0,1318;1,5012;0,0812;-0,0315;-0,4904;0,0233;-0,8706;;False
683,31;23.82;pa010​;20250411_094227;1;TUG2;0,1320;1,5010;0,0821;-0,0331;-0,4902;0,0233;-0,8706;;False
683,32;23.83;pa010​;20250411_094227;1;TUG2;0,1322;1,5007;0,0831;-0,0342;-0,4900;0,0233;-0,8707;;False
683,34;23.85;pa010​;20250411_094227;1;TUG2;0,1323;1,5006;0,0840;-0,0352;-0,4895;0,0229;-0,8710;;False
683,35;23.86;pa010​;20250411_094227;1;TUG2;0,1323;1,5005;0,0849;-0,0353;-0,4889;0,0229;-0,8713;;False
683,37;23.87;pa010​;20250411_094227;1;TUG2;0,1323;1,5005;0,0857;-0,0357;-0,4883;0,0228;-0,8717;;False
683,38;23.89;pa010​;20250411_094227;1;TUG2;0,1321;1,5004;0,0865;-0,0353;-0,4877;0,0223;-0,8720;;False
683,39;23.9;pa010​;20250411_094227;1;TUG2;0,1319;1,5006;0,0874;-0,0354;-0,4872;0,0217;-0,8723;;False
683,41;23.92;pa010​;20250411_094227;1;TUG2;0,1316;1,5007;0,0882;-0,0350;-0,4869;0,0209;-0,8725;;False
683,42;23.93;pa010​;20250411_094227;1;TUG2;0,1314;1,5008;0,0888;-0,0346;-0,4869;0,0196;-0,8725;;False
683,43;23.94;pa010​;20250411_094227;1;TUG2;0,1312;1,5010;0,0893;-0,0342;-0,4871;0,0184;-0,8725;;False
683,45;23.96;pa010​;20250411_094227;1;TUG2;0,1309;1,5011;0,0899;-0,0336;-0,4874;0,0176;-0,8724;;False
683,46;23.97;pa010​;20250411_094227;1;TUG2;0,1306;1,5011;0,0903;-0,0342;-0,4874;0,0172;-0,8724;;False
683,48;23.98;pa010​;20250411_094227;1;TUG2;0,1302;1,5012;0,0908;-0,0346;-0,4874;0,0168;-0,8724;;False
683,49;24.0;pa010​;20250411_094227;1;TUG2;0,1299;1,5012;0,0913;-0,0347;-0,4873;0,0167;-0,8724;;False
683,50;24.01;pa010​;20250411_094227;1;TUG2;0,1297;1,5011;0,0917;-0,0353;-0,4873;0,0161;-0,8724;;False
683,52;24.03;pa010​;20250411_094227;1;TUG2;0,1293;1,5007;0,0921;-0,0358;-0,4875;0,0156;-0,8723;;False
683,53;24.04;pa010​;20250411_094227;1;TUG2;0,1289;1,5003;0,0924;-0,0377;-0,4877;0,0153;-0,8721;;False
683,55;24.05;pa010​;20250411_094227;1;TUG2;0,1286;1,4996;0,0928;-0,0409;-0,4883;0,0150;-0,8716;;False
683,56;24.07;pa010​;20250411_094227;1;TUG2;0,1282;1,4990;0,0933;-0,0445;-0,4888;0,0144;-0,8711;;False
683,57;24.08;pa010​;20250411_094227;1;TUG2;0,1279;1,4984;0,0938;-0,0475;-0,4892;0,0143;-0,8708;;False
683,59;24.1;pa010​;20250411_094227;1;TUG2;0,1276;1,4976;0,0943;-0,0503;-0,4894;0,0134;-0,8705;;False
683,60;24.11;pa010​;20250411_094227;1;TUG2;0,1273;1,4968;0,0946;-0,0529;-0,4898;0,0129;-0,8701;;False
683,62;24.12;pa010​;20250411_094227;1;TUG2;0,1270;1,4962;0,0950;-0,0556;-0,4903;0,0130;-0,8697;;False
683,63;24.14;pa010​;20250411_094227;1;TUG2;0,1267;1,4958;0,0953;-0,0572;-0,4904;0,0131;-0,8695;;False
683,64;24.15;pa010​;20250411_094227;1;TUG2;0,1263;1,4957;0,0953;-0,0581;-0,4903;0,0138;-0,8695;;False
683,66;24.17;pa010​;20250411_094227;1;TUG2;0,1258;1,4958;0,0954;-0,0578;-0,4901;0,0147;-0,8696;;False
683,67;24.18;pa010​;20250411_094227;1;TUG2;0,1253;1,4962;0,0954;-0,0568;-0,4899;0,0151;-0,8698;;False
683,68;24.19;pa010​;20250411_094227;1;TUG2;0,1248;1,4967;0,0954;-0,0549;-0,4892;0,0148;-0,8703;;False
683,70;24.21;pa010​;20250411_094227;1;TUG2;0,1243;1,4974;0,0953;-0,0525;-0,4885;0,0141;-0,8709;;False
683,71;24.22;pa010​;20250411_094227;1;TUG2;0,1236;1,4979;0,0954;-0,0499;-0,4881;0,0137;-0,8713;;False
683,73;24.24;pa010​;20250411_094227;1;TUG2;0,1227;1,4985;0,0954;-0,0482;-0,4871;0,0132;-0,8719;;False
683,74;24.25;pa010​;20250411_094227;1;TUG2;0,1220;1,4990;0,0955;-0,0468;-0,4860;0,0129;-0,8726;;False
683,75;24.26;pa010​;20250411_094227;1;TUG2;0,1212;1,4996;0,0956;-0,0449;-0,4850;0,0120;-0,8733;;False
683,77;24.28;pa010​;20250411_094227;1;TUG2;0,1204;1,4999;0,0957;-0,0432;-0,4840;0,0113;-0,8739;;False
683,78;24.29;pa010​;20250411_094227;1;TUG2;0,1196;1,5003;0,0959;-0,0427;-0,4831;0,0105;-0,8745;;False
683,80;24.31;pa010​;20250411_094227;1;TUG2;0,1188;1,5006;0,0962;-0,0421;-0,4821;0,0102;-0,8750;;False
683,81;24.32;pa010​;20250411_094227;1;TUG2;0,1180;1,5007;0,0965;-0,0416;-0,4811;0,0103;-0,8756;;False
683,82;24.33;pa010​;20250411_094227;1;TUG2;0,1174;1,5007;0,0968;-0,0417;-0,4800;0,0108;-0,8762;;False
683,84;24.35;pa010​;20250411_094227;1;TUG2;0,1166;1,5007;0,0971;-0,0416;-0,4788;0,0105;-0,8769;;False
683,85;24.36;pa010​;20250411_094227;1;TUG2;0,1159;1,5006;0,0974;-0,0424;-0,4774;0,0107;-0,8776;;False
683,87;24.38;pa010​;20250411_094227;1;TUG2;0,1152;1,5004;0,0978;-0,0432;-0,4759;0,0111;-0,8783;;False
683,88;24.39;pa010​;20250411_094227;1;TUG2;0,1146;1,5004;0,0983;-0,0441;-0,4745;0,0114;-0,8791;;False
683,89;24.4;pa010​;20250411_094227;1;TUG2;0,1140;1,5003;0,0987;-0,0442;-0,4732;0,0119;-0,8798;;False
683,91;24.42;pa010​;20250411_094227;1;TUG2;0,1134;1,5001;0,0990;-0,0441;-0,4718;0,0123;-0,8805;;False
683,92;24.43;pa010​;20250411_094227;1;TUG2;0,1126;1,5001;0,0991;-0,0447;-0,4709;0,0127;-0,8810;;False
683,93;24.44;pa010​;20250411_094227;1;TUG2;0,1120;1,5003;0,0993;-0,0441;-0,4703;0,0128;-0,8813;;False
683,95;24.46;pa010​;20250411_094227;1;TUG2;0,1114;1,5004;0,0995;-0,0430;-0,4695;0,0118;-0,8818;;False
683,96;24.47;pa010​;20250411_094227;1;TUG2;0,1108;1,5003;0,0997;-0,0420;-0,4692;0,0115;-0,8820;;False
683,98;24.48;pa010​;20250411_094227;1;TUG2;0,1102;1,5002;0,1000;-0,0419;-0,4686;0,0112;-0,8823;;False
683,99;24.5;pa010​;20250411_094227;1;TUG2;0,1097;1,5002;0,1004;-0,0425;-0,4681;0,0108;-0,8826;;False
684,00;24.51;pa010​;20250411_094227;1;TUG2;0,1093;1,5001;0,1008;-0,0430;-0,4675;0,0107;-0,8829;;False
684,02;24.53;pa010​;20250411_094227;1;TUG2;0,1089;1,4999;0,1013;-0,0434;-0,4670;0,0105;-0,8831;;False
684,03;24.54;pa010​;20250411_094227;1;TUG2;0,1086;1,4997;0,1017;-0,0441;-0,4665;0,0103;-0,8833;;False
684,05;24.55;pa010​;20250411_094227;1;TUG2;0,1082;1,4995;0,1021;-0,0450;-0,4662;0,0102;-0,8835;;False
684,06;24.57;pa010​;20250411_094227;1;TUG2;0,1080;1,4993;0,1025;-0,0456;-0,4660;0,0097;-0,8836;;False
684,07;24.58;pa010​;20250411_094227;1;TUG2;0,1078;1,4991;0,1029;-0,0464;-0,4656;0,0095;-0,8837;;False
684,09;24.6;pa010​;20250411_094227;1;TUG2;0,1077;1,4991;0,1032;-0,0469;-0,4655;0,0090;-0,8838;;False
684,10;24.61;pa010​;20250411_094227;1;TUG2;0,1076;1,4990;0,1035;-0,0469;-0,4651;0,0083;-0,8840;;False
684,11;24.62;pa010​;20250411_094227;1;TUG2;0,1075;1,4993;0,1036;-0,0467;-0,4651;0,0078;-0,8840;;False
684,13;24.64;pa010​;20250411_094227;1;TUG2;0,1074;1,4995;0,1038;-0,0457;-0,4651;0,0072;-0,8841;;False
684,14;24.65;pa010​;20250411_094227;1;TUG2;0,1073;1,4995;0,1040;-0,0447;-0,4652;0,0071;-0,8841;;False
684,16;24.67;pa010​;20250411_094227;1;TUG2;0,1073;1,4998;0,1039;-0,0442;-0,4654;0,0075;-0,8840;;False
684,17;24.68;pa010​;20250411_094227;1;TUG2;0,1073;1,4999;0,1038;-0,0441;-0,4657;0,0081;-0,8838;;False
684,18;24.69;pa010​;20250411_094227;1;TUG2;0,1073;1,5000;0,1036;-0,0442;-0,4661;0,0089;-0,8836;;False
684,20;24.71;pa010​;20250411_094227;1;TUG2;0,1072;1,5001;0,1035;-0,0445;-0,4665;0,0096;-0,8834;;False
684,21;24.72;pa010​;20250411_094227;1;TUG2;0,1072;1,5001;0,1034;-0,0443;-0,4668;0,0097;-0,8832;;False
684,23;24.74;pa010​;20250411_094227;1;TUG2;0,1071;1,5002;0,1033;-0,0439;-0,4670;0,0093;-0,8831;;False
684,24;24.75;pa010​;20250411_094227;1;TUG2;0,1071;1,5004;0,1033;-0,0431;-0,4672;0,0090;-0,8831;;False
684,25;24.76;pa010​;20250411_094227;1;TUG2;0,1070;1,5005;0,1033;-0,0425;-0,4668;0,0084;-0,8833;;False
684,27;24.78;pa010​;20250411_094227;1;TUG2;0,1069;1,5005;0,1033;-0,0426;-0,4665;0,0085;-0,8835;;False
684,28;24.79;pa010​;20250411_094227;1;TUG2;0,1070;1,5006;0,1034;-0,0424;-0,4665;0,0088;-0,8834;;False
684,30;24.8;pa010​;20250411_094227;1;TUG2;0,1071;1,5006;0,1035;-0,0427;-0,4667;0,0093;-0,8833;;False
684,31;24.82;pa010​;20250411_094227;1;TUG2;0,1073;1,5006;0,1035;-0,0427;-0,4670;0,0092;-0,8832;;False
684,32;24.83;pa010​;20250411_094227;1;TUG2;0,1074;1,5005;0,1034;-0,0434;-0,4678;0,0091;-0,8827;;False
684,34;24.85;pa010​;20250411_094227;1;TUG2;0,1075;1,5003;0,1033;-0,0442;-0,4683;0,0091;-0,8824;;False
684,35;24.86;pa010​;20250411_094227;1;TUG2;0,1076;1,5002;0,1032;-0,0449;-0,4690;0,0092;-0,8820;;False
684,37;24.87;pa010​;20250411_094227;1;TUG2;0,1076;1,5001;0,1031;-0,0451;-0,4692;0,0095;-0,8819;;False
684,38;24.89;pa010​;20250411_094227;1;TUG2;0,1077;1,5001;0,1031;-0,0451;-0,4695;0,0096;-0,8817;;False
684,39;24.9;pa010​;20250411_094227;1;TUG2;0,1077;1,5002;0,1032;-0,0448;-0,4699;0,0099;-0,8815;;False
684,41;24.92;pa010​;20250411_094227;1;TUG2;0,1078;1,5003;0,1032;-0,0444;-0,4702;0,0100;-0,8814;;False
684,42;24.93;pa010​;20250411_094227;1;TUG2;0,1079;1,5003;0,1031;-0,0441;-0,4706;0,0102;-0,8812;;False
684,43;24.94;pa010​;20250411_094227;1;TUG2;0,1080;1,5004;0,1030;-0,0435;-0,4711;0,0101;-0,8809;;False
684,45;24.96;pa010​;20250411_094227;1;TUG2;0,1081;1,5005;0,1029;-0,0433;-0,4717;0,0101;-0,8806;;False
684,46;24.97;pa010​;20250411_094227;1;TUG2;0,1081;1,5005;0,1028;-0,0437;-0,4724;0,0100;-0,8803;;False
684,48;24.99;pa010​;20250411_094227;1;TUG2;0,1082;1,5004;0,1027;-0,0442;-0,4727;0,0099;-0,8801;;False
684,49;25.0;pa010​;20250411_094227;1;TUG2;0,1083;1,5003;0,1026;-0,0445;-0,4728;0,0098;-0,8800;;False
684,50;25.01;pa010​;20250411_094227;1;TUG2;0,1083;1,5002;0,1026;-0,0449;-0,4726;0,0097;-0,8801;;False
684,52;25.03;pa010​;20250411_094227;1;TUG2;0,1082;1,5001;0,1028;-0,0454;-0,4722;0,0101;-0,8803;;False
684,53;25.04;pa010​;20250411_094227;1;TUG2;0,1082;1,5000;0,1030;-0,0459;-0,4716;0,0101;-0,8806;;False
684,55;25.06;pa010​;20250411_094227;1;TUG2;0,1081;1,5001;0,1032;-0,0454;-0,4709;0,0097;-0,8810;;False
684,56;25.07;pa010​;20250411_094227;1;TUG2;0,1080;1,5001;0,1034;-0,0446;-0,4704;0,0095;-0,8813;;False
684,57;25.08;pa010​;20250411_094227;1;TUG2;0,1079;1,5001;0,1035;-0,0452;-0,4699;0,0095;-0,8815;;False
684,59;25.1;pa010​;20250411_094227;1;TUG2;0,1078;1,5001;0,1036;-0,0456;-0,4697;0,0095;-0,8816;;False
684,60;25.11;pa010​;20250411_094227;1;TUG2;0,1078;1,5001;0,1037;-0,0458;-0,4698;0,0096;-0,8815;;False
684,61;25.12;pa010​;20250411_094227;1;TUG2;0,1078;1,5001;0,1036;-0,0458;-0,4700;0,0092;-0,8814;;False
684,63;25.14;pa010​;20250411_094227;1;TUG2;0,1078;1,5001;0,1036;-0,0462;-0,4704;0,0092;-0,8812;;False
684,64;25.15;pa010​;20250411_094227;1;TUG2;0,1078;1,5001;0,1035;-0,0465;-0,4709;0,0090;-0,8809;;False
684,66;25.17;pa010​;20250411_094227;1;TUG2;0,1078;1,5001;0,1035;-0,0462;-0,4712;0,0085;-0,8808;;False
684,67;25.18;pa010​;20250411_094227;1;TUG2;0,1078;1,5002;0,1036;-0,0462;-0,4711;0,0084;-0,8809;;False
684,68;25.19;pa010​;20250411_094227;1;TUG2;0,1079;1,5001;0,1038;-0,0461;-0,4709;0,0083;-0,8809;;False
684,70;25.21;pa010​;20250411_094227;1;TUG2;0,1079;1,5001;0,1040;-0,0461;-0,4703;0,0082;-0,8813;;False
684,71;25.22;pa010​;20250411_094227;1;TUG2;0,1078;1,5000;0,1042;-0,0462;-0,4696;0,0079;-0,8816;;False
684,73;25.23;pa010​;20250411_094227;1;TUG2;0,1077;1,5000;0,1044;-0,0465;-0,4689;0,0079;-0,8820;;False
684,74;25.25;pa010​;20250411_094227;1;TUG2;0,1077;1,4999;0,1045;-0,0469;-0,4683;0,0077;-0,8823;;False
684,75;25.26;pa010​;20250411_094227;1;TUG2;0,1076;1,4998;0,1047;-0,0473;-0,4678;0,0076;-0,8826;;False
684,77;25.28;pa010​;20250411_094227;1;TUG2;0,1076;1,4997;0,1048;-0,0478;-0,4674;0,0076;-0,8827;;False
684,78;25.29;pa010​;20250411_094227;1;TUG2;0,1077;1,4996;0,1049;-0,0481;-0,4674;0,0077;-0,8827;;False
684,79;25.3;pa010​;20250411_094227;1;TUG2;0,1077;1,4994;0,1049;-0,0483;-0,4675;0,0079;-0,8827;;False
684,81;25.32;pa010​;20250411_094227;1;TUG2;0,1079;1,4993;0,1049;-0,0483;-0,4677;0,0077;-0,8826;;False
684,82;25.33;pa010​;20250411_094227;1;TUG2;0,1080;1,4993;0,1049;-0,0482;-0,4682;0,0077;-0,8823;;False
684,84;25.35;pa010​;20250411_094227;1;TUG2;0,1081;1,4992;0,1048;-0,0486;-0,4685;0,0076;-0,8821;;False
684,85;25.36;pa010​;20250411_094227;1;TUG2;0,1081;1,4992;0,1048;-0,0488;-0,4687;0,0074;-0,8820;;False
684,87;25.37;pa010​;20250411_094227;1;TUG2;0,1082;1,4992;0,1048;-0,0486;-0,4685;0,0072;-0,8821;;False
684,88;25.39;pa010​;20250411_094227;1;TUG2;0,1083;1,4992;0,1049;-0,0486;-0,4680;0,0070;-0,8823;;False
684,89;25.4;pa010​;20250411_094227;1;TUG2;0,1084;1,4992;0,1049;-0,0487;-0,4676;0,0076;-0,8825;;False
684,91;25.42;pa010​;20250411_094227;1;TUG2;0,1084;1,4991;0,1050;-0,0488;-0,4673;0,0080;-0,8827;;False
684,92;25.43;pa010​;20250411_094227;1;TUG2;0,1085;1,4992;0,1049;-0,0488;-0,4671;0,0078;-0,8828;;False
684,93;25.44;pa010​;20250411_094227;1;TUG2;0,1085;1,4992;0,1049;-0,0487;-0,4671;0,0076;-0,8828;;False
684,95;25.46;pa010​;20250411_094227;1;TUG2;0,1086;1,4993;0,1048;-0,0485;-0,4672;0,0074;-0,8828;;False
684,96;25.47;pa010​;20250411_094227;1;TUG2;0,1087;1,4992;0,1047;-0,0482;-0,4675;0,0071;-0,8827;;False
684,98;25.48;pa010​;20250411_094227;1;TUG2;0,1089;1,4991;0,1046;-0,0484;-0,4677;0,0072;-0,8825;;False
684,99;25.5;pa010​;20250411_094227;1;TUG2;0,1090;1,4989;0,1045;-0,0492;-0,4683;0,0076;-0,8822;;False
685,00;25.51;pa010​;20250411_094227;1;TUG2;0,1092;1,4987;0,1044;-0,0497;-0,4687;0,0075;-0,8819;;False
685,02;25.53;pa010​;20250411_094227;1;TUG2;0,1094;1,4987;0,1042;-0,0496;-0,4692;0,0074;-0,8817;;False
685,03;25.54;pa010​;20250411_094227;1;TUG2;0,1095;1,4987;0,1041;-0,0493;-0,4694;0,0073;-0,8816;;False
685,05;25.55;pa010​;20250411_094227;1;TUG2;0,1096;1,4988;0,1040;-0,0492;-0,4698;0,0071;-0,8814;;False
685,06;25.57;pa010​;20250411_094227;1;TUG2;0,1097;1,4989;0,1038;-0,0487;-0,4699;0,0070;-0,8813;;False
685,07;25.58;pa010​;20250411_094227;1;TUG2;0,1097;1,4990;0,1037;-0,0483;-0,4701;0,0068;-0,8813;;False
685,09;25.6;pa010​;20250411_094227;1;TUG2;0,1097;1,4990;0,1035;-0,0478;-0,4699;0,0067;-0,8814;;False
685,10;25.61;pa010​;20250411_094227;1;TUG2;0,1097;1,4991;0,1034;-0,0474;-0,4697;0,0069;-0,8815;;False
685,11;25.62;pa010​;20250411_094227;1;TUG2;0,1097;1,4992;0,1033;-0,0471;-0,4694;0,0071;-0,8817;;False
685,13;25.64;pa010​;20250411_094227;1;TUG2;0,1097;1,4993;0,1032;-0,0467;-0,4694;0,0070;-0,8817;;False
685,14;25.65;pa010​;20250411_094227;1;TUG2;0,1098;1,4994;0,1031;-0,0466;-0,4696;0,0072;-0,8816;;False
685,16;25.67;pa010​;20250411_094227;1;TUG2;0,1099;1,4994;0,1029;-0,0467;-0,4699;0,0072;-0,8815;;False
685,17;25.68;pa010​;20250411_094227;1;TUG2;0,1101;1,4994;0,1027;-0,0469;-0,4704;0,0071;-0,8812;;False
685,18;25.69;pa010​;20250411_094227;1;TUG2;0,1103;1,4994;0,1026;-0,0475;-0,4712;0,0070;-0,8807;;False
685,20;25.71;pa010​;20250411_094227;1;TUG2;0,1105;1,4993;0,1025;-0,0485;-0,4718;0,0070;-0,8804;;False
685,21;25.72;pa010​;20250411_094227;1;TUG2;0,1106;1,4991;0,1025;-0,0496;-0,4722;0,0070;-0,8801;;False
685,23;25.73;pa010​;20250411_094227;1;TUG2;0,1108;1,4987;0,1024;-0,0508;-0,4724;0,0069;-0,8799;;False
685,24;25.75;pa010​;20250411_094227;1;TUG2;0,1108;1,4984;0,1025;-0,0516;-0,4720;0,0074;-0,8800;;False
685,25;25.76;pa010​;20250411_094227;1;TUG2;0,1109;1,4981;0,1028;-0,0520;-0,4713;0,0077;-0,8804;;False
685,27;25.78;pa010​;20250411_094227;1;TUG2;0,1109;1,4978;0,1029;-0,0523;-0,4707;0,0079;-0,8807;;False
685,28;25.79;pa010​;20250411_094227;1;TUG2;0,1109;1,4977;0,1030;-0,0530;-0,4701;0,0080;-0,8810;;False
685,30;25.8;pa010​;20250411_094227;1;TUG2;0,1109;1,4976;0,1032;-0,0532;-0,4696;0,0080;-0,8812;;False
685,31;25.82;pa010​;20250411_094227;1;TUG2;0,1109;1,4976;0,1032;-0,0525;-0,4696;0,0075;-0,8813;;False
685,32;25.83;pa010​;20250411_094227;1;TUG2;0,1109;1,4978;0,1033;-0,0515;-0,4692;0,0071;-0,8815;;False
685,34;25.85;pa010​;20250411_094227;1;TUG2;0,1109;1,4982;0,1032;-0,0495;-0,4690;0,0067;-0,8818;;False
685,35;25.86;pa010​;20250411_094227;1;TUG2;0,1107;1,4987;0,1031;-0,0473;-0,4689;0,0061;-0,8820;;False
685,36;25.87;pa010​;20250411_094227;1;TUG2;0,1104;1,4996;0,1027;-0,0453;-0,4688;0,0057;-0,8821;;False
685,38;25.89;pa010​;20250411_094227;1;TUG2;0,1102;1,5001;0,1026;-0,0435;-0,4687;0,0053;-0,8823;;False
685,39;25.9;pa010​;20250411_094227;1;TUG2;0,1100;1,5006;0,1025;-0,0420;-0,4687;0,0048;-0,8823;;False
685,41;25.92;pa010​;20250411_094227;1;TUG2;0,1098;1,5009;0,1023;-0,0406;-0,4686;0,0045;-0,8825;;False
685,42;25.93;pa010​;20250411_094227;1;TUG2;0,1096;1,5012;0,1022;-0,0399;-0,4683;0,0041;-0,8826;;False
685,43;25.94;pa010​;20250411_094227;1;TUG2;0,1095;1,5013;0,1021;-0,0395;-0,4682;0,0042;-0,8827;;False
685,45;25.96;pa010​;20250411_094227;1;TUG2;0,1094;1,5013;0,1020;-0,0396;-0,4682;0,0048;-0,8827;;False
685,46;25.97;pa010​;20250411_094227;1;TUG2;0,1092;1,5015;0,1018;-0,0404;-0,4684;0,0053;-0,8826;;False
685,48;25.99;pa010​;20250411_094227;1;TUG2;0,1093;1,5013;0,1018;-0,0415;-0,4685;0,0056;-0,8825;;False
685,49;26.0;pa010​;20250411_094227;1;TUG2;0,1093;1,5011;0,1018;-0,0427;-0,4688;0,0060;-0,8822;;False
685,50;26.01;pa010​;20250411_094227;1;TUG2;0,1094;1,5008;0,1019;-0,0441;-0,4694;0,0062;-0,8819;;False
685,52;26.03;pa010​;20250411_094227;1;TUG2;0,1095;1,5004;0,1019;-0,0455;-0,4699;0,0063;-0,8815;;False
685,53;26.04;pa010​;20250411_094227;1;TUG2;0,1096;1,5001;0,1020;-0,0468;-0,4702;0,0061;-0,8813;;False
685,55;26.05;pa010​;20250411_094227;1;TUG2;0,1096;1,4998;0,1021;-0,0478;-0,4704;0,0062;-0,8811;;False
685,56;26.07;pa010​;20250411_094227;1;TUG2;0,1097;1,4996;0,1021;-0,0484;-0,4703;0,0062;-0,8812;;False
685,57;26.08;pa010​;20250411_094227;1;TUG2;0,1096;1,4995;0,1022;-0,0485;-0,4702;0,0064;-0,8812;;False
685,59;26.1;pa010​;20250411_094227;1;TUG2;0,1095;1,4994;0,1023;-0,0482;-0,4699;0,0063;-0,8814;;False
685,60;26.11;pa010​;20250411_094227;1;TUG2;0,1094;1,4995;0,1023;-0,0481;-0,4698;0,0063;-0,8815;;False
685,61;26.12;pa010​;20250411_094227;1;TUG2;0,1093;1,4996;0,1022;-0,0479;-0,4698;0,0063;-0,8815;;False
685,63;26.14;pa010​;20250411_094227;1;TUG2;0,1092;1,4998;0,1021;-0,0468;-0,4699;0,0059;-0,8815;;False
685,64;26.15;pa010​;20250411_094227;1;TUG2;0,1091;1,5000;0,1020;-0,0462;-0,4701;0,0058;-0,8814;;False
685,66;26.17;pa010​;20250411_094227;1;TUG2;0,1089;1,5002;0,1018;-0,0458;-0,4705;0,0058;-0,8812;;False
685,67;26.18;pa010​;20250411_094227;1;TUG2;0,1089;1,5003;0,1017;-0,0455;-0,4708;0,0058;-0,8810;;False
685,68;26.19;pa010​;20250411_094227;1;TUG2;0,1089;1,5004;0,1016;-0,0455;-0,4711;0,0058;-0,8809;;False
685,70;26.21;pa010​;20250411_094227;1;TUG2;0,1089;1,5004;0,1016;-0,0455;-0,4714;0,0057;-0,8807;;False
685,71;26.22;pa010​;20250411_094227;1;TUG2;0,1089;1,5004;0,1015;-0,0458;-0,4716;0,0058;-0,8806;;False
685,73;26.23;pa010​;20250411_094227;1;TUG2;0,1088;1,5003;0,1015;-0,0461;-0,4718;0,0059;-0,8805;;False
685,74;26.25;pa010​;20250411_094227;1;TUG2;0,1088;1,5002;0,1015;-0,0465;-0,4718;0,0061;-0,8804;;False
685,75;26.26;pa010​;20250411_094227;1;TUG2;0,1087;1,5002;0,1015;-0,0466;-0,4720;0,0061;-0,8804;;False
685,77;26.28;pa010​;20250411_094227;1;TUG2;0,1086;1,5001;0,1015;-0,0466;-0,4719;0,0060;-0,8804;;False
685,78;26.29;pa010​;20250411_094227;1;TUG2;0,1085;1,5001;0,1016;-0,0468;-0,4719;0,0058;-0,8804;;False
685,79;26.3;pa010​;20250411_094227;1;TUG2;0,1085;1,5001;0,1017;-0,0471;-0,4718;0,0058;-0,8805;;False
685,81;26.32;pa010​;20250411_094227;1;TUG2;0,1084;1,5000;0,1017;-0,0472;-0,4717;0,0058;-0,8805;;False
685,82;26.33;pa010​;20250411_094227;1;TUG2;0,1083;1,5000;0,1017;-0,0473;-0,4717;0,0059;-0,8805;;False
685,84;26.35;pa010​;20250411_094227;1;TUG2;0,1082;1,5000;0,1017;-0,0473;-0,4717;0,0059;-0,8804;;False
685,85;26.36;pa010​;20250411_094227;1;TUG2;0,1080;1,5000;0,1016;-0,0472;-0,4718;0,0059;-0,8804;;False
685,86;26.37;pa010​;20250411_094227;1;TUG2;0,1079;1,4999;0,1016;-0,0471;-0,4719;0,0058;-0,8804;;False
685,88;26.39;pa010​;20250411_094227;1;TUG2;0,1078;1,4998;0,1015;-0,0472;-0,4721;0,0056;-0,8802;;False
685,89;26.4;pa010​;20250411_094227;1;TUG2;0,1077;1,4996;0,1014;-0,0473;-0,4724;0,0053;-0,8801;;False
685,91;26.42;pa010​;20250411_094227;1;TUG2;0,1077;1,4995;0,1014;-0,0474;-0,4727;0,0050;-0,8799;;False
685,92;26.43;pa010​;20250411_094227;1;TUG2;0,1077;1,4995;0,1013;-0,0473;-0,4729;0,0047;-0,8798;;False
685,93;26.44;pa010​;20250411_094227;1;TUG2;0,1076;1,4995;0,1013;-0,0478;-0,4731;0,0046;-0,8797;;False
685,95;26.46;pa010​;20250411_094227;1;TUG2;0,1076;1,4994;0,1013;-0,0477;-0,4733;0,0046;-0,8796;;False
685,96;26.47;pa010​;20250411_094227;1;TUG2;0,1075;1,4994;0,1013;-0,0481;-0,4734;0,0042;-0,8796;;False
685,98;26.48;pa010​;20250411_094227;1;TUG2;0,1075;1,4993;0,1014;-0,0482;-0,4732;0,0046;-0,8796;;False
685,99;26.5;pa010​;20250411_094227;1;TUG2;0,1075;1,4993;0,1014;-0,0485;-0,4731;0,0054;-0,8796;;False
686,00;26.51;pa010​;20250411_094227;1;TUG2;0,1074;1,4992;0,1014;-0,0485;-0,4730;0,0057;-0,8797;;False
686,02;26.53;pa010​;20250411_094227;1;TUG2;0,1073;1,4992;0,1014;-0,0484;-0,4728;0,0057;-0,8798;;False
686,03;26.54;pa010​;20250411_094227;1;TUG2;0,1072;1,4992;0,1015;-0,0482;-0,4724;0,0055;-0,8800;;False
686,05;26.55;pa010​;20250411_094227;1;TUG2;0,1072;1,4992;0,1015;-0,0483;-0,4723;0,0055;-0,8801;;False
686,06;26.57;pa010​;20250411_094227;1;TUG2;0,1071;1,4991;0,1016;-0,0485;-0,4723;0,0055;-0,8801;;False
686,07;26.58;pa010​;20250411_094227;1;TUG2;0,1072;1,4990;0,1015;-0,0492;-0,4724;0,0054;-0,8800;;False
686,09;26.6;pa010​;20250411_094227;1;TUG2;0,1073;1,4989;0,1015;-0,0498;-0,4727;0,0053;-0,8798;;False
686,10;26.61;pa010​;20250411_094227;1;TUG2;0,1074;1,4987;0,1014;-0,0502;-0,4727;0,0054;-0,8798;;False
686,11;26.62;pa010​;20250411_094227;1;TUG2;0,1075;1,4986;0,1014;-0,0505;-0,4729;0,0055;-0,8796;;False
686,13;26.64;pa010​;20250411_094227;1;TUG2;0,1075;1,4985;0,1013;-0,0504;-0,4730;0,0057;-0,8796;;False
686,14;26.65;pa010​;20250411_094227;1;TUG2;0,1076;1,4985;0,1013;-0,0502;-0,4729;0,0060;-0,8797;;False
686,16;26.67;pa010​;20250411_094227;1;TUG2;0,1076;1,4984;0,1013;-0,0501;-0,4729;0,0061;-0,8797;;False
686,17;26.68;pa010​;20250411_094227;1;TUG2;0,1077;1,4984;0,1013;-0,0499;-0,4729;0,0062;-0,8797;;False
686,18;26.69;pa010​;20250411_094227;1;TUG2;0,1077;1,4983;0,1012;-0,0499;-0,4730;0,0065;-0,8796;;False
686,20;26.71;pa010​;20250411_094227;1;TUG2;0,1077;1,4982;0,1012;-0,0501;-0,4731;0,0066;-0,8796;;False
686,21;26.72;pa010​;20250411_094227;1;TUG2;0,1078;1,4981;0,1011;-0,0503;-0,4732;0,0067;-0,8795;;False
686,23;26.73;pa010​;20250411_094227;1;TUG2;0,1078;1,4981;0,1011;-0,0506;-0,4733;0,0066;-0,8794;;False
686,24;26.75;pa010​;20250411_094227;1;TUG2;0,1078;1,4981;0,1011;-0,0504;-0,4734;0,0066;-0,8794;;False
686,25;26.76;pa010​;20250411_094227;1;TUG2;0,1078;1,4982;0,1010;-0,0505;-0,4734;0,0066;-0,8794;;False
686,27;26.78;pa010​;20250411_094227;1;TUG2;0,1077;1,4983;0,1011;-0,0502;-0,4732;0,0066;-0,8795;;False
686,28;26.79;pa010​;20250411_094227;1;TUG2;0,1077;1,4983;0,1012;-0,0496;-0,4728;0,0068;-0,8797;;False
686,30;26.8;pa010​;20250411_094227;1;TUG2;0,1077;1,4984;0,1013;-0,0492;-0,4727;0,0069;-0,8798;;False
686,31;26.82;pa010​;20250411_094227;1;TUG2;0,1077;1,4984;0,1014;-0,0492;-0,4725;0,0070;-0,8799;;False
686,32;26.83;pa010​;20250411_094227;1;TUG2;0,1077;1,4984;0,1015;-0,0493;-0,4725;0,0070;-0,8799;;False
686,34;26.85;pa010​;20250411_094227;1;TUG2;0,1076;1,4984;0,1016;-0,0493;-0,4724;0,0069;-0,8800;;False
686,35;26.86;pa010​;20250411_094227;1;TUG2;0,1076;1,4984;0,1017;-0,0495;-0,4726;0,0067;-0,8799;;False
686,36;26.87;pa010​;20250411_094227;1;TUG2;0,1076;1,4984;0,1018;-0,0497;-0,4727;0,0065;-0,8798;;False
686,38;26.89;pa010​;20250411_094227;1;TUG2;0,1075;1,4983;0,1020;-0,0501;-0,4728;0,0064;-0,8797;;False
686,39;26.9;pa010​;20250411_094227;1;TUG2;0,1074;1,4982;0,1022;-0,0503;-0,4726;0,0065;-0,8798;;False
686,41;26.91;pa010​;20250411_094227;1;TUG2;0,1074;1,4981;0,1024;-0,0502;-0,4722;0,0067;-0,8800;;False
686,42;26.93;pa010​;20250411_094227;1;TUG2;0,1073;1,4981;0,1027;-0,0499;-0,4718;0,0068;-0,8803;;False
686,43;26.94;pa010​;20250411_094227;1;TUG2;0,1073;1,4981;0,1029;-0,0497;-0,4714;0,0068;-0,8805;;False
686,45;26.96;pa010​;20250411_094227;1;TUG2;0,1072;1,4982;0,1032;-0,0497;-0,4713;0,0067;-0,8805;;False
686,46;26.97;pa010​;20250411_094227;1;TUG2;0,1072;1,4982;0,1034;-0,0497;-0,4713;0,0065;-0,8805;;False
686,48;26.99;pa010​;20250411_094227;1;TUG2;0,1072;1,4983;0,1036;-0,0499;-0,4715;0,0063;-0,8804;;False
686,49;27.0;pa010​;20250411_094227;1;TUG2;0,1072;1,4983;0,1039;-0,0500;-0,4716;0,0059;-0,8804;;False
686,50;27.01;pa010​;20250411_094227;1;TUG2;0,1072;1,4984;0,1042;-0,0502;-0,4714;0,0055;-0,8805;;False
686,52;27.03;pa010​;20250411_094227;1;TUG2;0,1072;1,4984;0,1044;-0,0501;-0,4712;0,0056;-0,8806;;False
686,53;27.04;pa010​;20250411_094227;1;TUG2;0,1072;1,4983;0,1047;-0,0502;-0,4710;0,0063;-0,8807;;False
686,55;27.05;pa010​;20250411_094227;1;TUG2;0,1072;1,4982;0,1049;-0,0502;-0,4707;0,0069;-0,8808;;False
686,56;27.07;pa010​;20250411_094227;1;TUG2;0,1072;1,4981;0,1052;-0,0505;-0,4705;0,0070;-0,8809;;False
686,57;27.08;pa010​;20250411_094227;1;TUG2;0,1072;1,4980;0,1054;-0,0506;-0,4707;0,0069;-0,8808;;False
686,59;27.1;pa010​;20250411_094227;1;TUG2;0,1073;1,4980;0,1056;-0,0508;-0,4708;0,0069;-0,8807;;False
686,60;27.11;pa010​;20250411_094227;1;TUG2;0,1073;1,4979;0,1058;-0,0511;-0,4710;0,0065;-0,8806;;False
686,61;27.12;pa010​;20250411_094227;1;TUG2;0,1073;1,4978;0,1060;-0,0513;-0,4711;0,0064;-0,8805;;False
686,63;27.14;pa010​;20250411_094227;1;TUG2;0,1073;1,4978;0,1063;-0,0516;-0,4712;0,0062;-0,8805;;False
686,64;27.15;pa010​;20250411_094227;1;TUG2;0,1073;1,4977;0,1065;-0,0518;-0,4710;0,0061;-0,8806;;False
686,66;27.17;pa010​;20250411_094227;1;TUG2;0,1072;1,4977;0,1067;-0,0517;-0,4707;0,0061;-0,8807;;False
686,67;27.18;pa010​;20250411_094227;1;TUG2;0,1072;1,4978;0,1070;-0,0515;-0,4704;0,0062;-0,8809;;False
686,68;27.19;pa010​;20250411_094227;1;TUG2;0,1073;1,4978;0,1073;-0,0516;-0,4703;0,0063;-0,8810;;False
686,70;27.21;pa010​;20250411_094227;1;TUG2;0,1073;1,4979;0,1075;-0,0514;-0,4701;0,0063;-0,8811;;False
686,71;27.22;pa010​;20250411_094227;1;TUG2;0,1074;1,4979;0,1078;-0,0512;-0,4699;0,0063;-0,8812;;False
686,73;27.23;pa010​;20250411_094227;1;TUG2;0,1074;1,4980;0,1079;-0,0511;-0,4698;0,0063;-0,8813;;False
686,74;27.25;pa010​;20250411_094227;1;TUG2;0,1074;1,4980;0,1081;-0,0510;-0,4698;0,0064;-0,8813;;False
686,75;27.26;pa010​;20250411_094227;1;TUG2;0,1074;1,4979;0,1084;-0,0511;-0,4697;0,0064;-0,8813;;False
686,77;27.28;pa010​;20250411_094227;1;TUG2;0,1075;1,4979;0,1085;-0,0513;-0,4696;0,0064;-0,8814;;False
686,78;27.29;pa010​;20250411_094227;1;TUG2;0,1075;1,4978;0,1087;-0,0515;-0,4695;0,0065;-0,8814;;False
686,80;27.31;pa010​;20250411_094227;1;TUG2;0,1075;1,4978;0,1089;-0,0515;-0,4693;0,0064;-0,8815;;False
686,81;27.32;pa010​;20250411_094227;1;TUG2;0,1076;1,4977;0,1091;-0,0516;-0,4693;0,0065;-0,8815;;False
686,82;27.33;pa010​;20250411_094227;1;TUG2;0,1076;1,4976;0,1093;-0,0516;-0,4693;0,0066;-0,8815;;False
686,84;27.35;pa010​;20250411_094227;1;TUG2;0,1077;1,4976;0,1094;-0,0516;-0,4694;0,0066;-0,8815;;False
686,85;27.36;pa010​;20250411_094227;1;TUG2;0,1078;1,4975;0,1096;-0,0516;-0,4694;0,0068;-0,8815;;False
686,86;27.37;pa010​;20250411_094227;1;TUG2;0,1079;1,4974;0,1097;-0,0522;-0,4694;0,0071;-0,8814;;False
686,88;27.39;pa010​;20250411_094227;1;TUG2;0,1080;1,4974;0,1098;-0,0523;-0,4696;0,0071;-0,8813;;False
686,89;27.4;pa010​;20250411_094227;1;TUG2;0,1081;1,4974;0,1099;-0,0523;-0,4698;0,0071;-0,8812;;False
686,91;27.42;pa010​;20250411_094227;1;TUG2;0,1082;1,4975;0,1099;-0,0523;-0,4702;0,0069;-0,8810;;False
686,92;27.43;pa010​;20250411_094227;1;TUG2;0,1083;1,4975;0,1100;-0,0523;-0,4703;0,0069;-0,8809;;False
686,94;27.44;pa010​;20250411_094227;1;TUG2;0,1084;1,4976;0,1100;-0,0520;-0,4705;0,0068;-0,8808;;False
686,95;27.46;pa010​;20250411_094227;1;TUG2;0,1084;1,4976;0,1100;-0,0519;-0,4707;0,0068;-0,8808;;False
686,96;27.47;pa010​;20250411_094227;1;TUG2;0,1084;1,4977;0,1101;-0,0517;-0,4706;0,0070;-0,8808;;False
686,98;27.48;pa010​;20250411_094227;1;TUG2;0,1084;1,4978;0,1101;-0,0513;-0,4705;0,0071;-0,8809;;False
686,99;27.5;pa010​;20250411_094227;1;TUG2;0,1084;1,4979;0,1101;-0,0510;-0,4703;0,0074;-0,8810;;False
687,00;27.51;pa010​;20250411_094227;1;TUG2;0,1084;1,4980;0,1100;-0,0506;-0,4701;0,0076;-0,8811;;False
687,02;27.53;pa010​;20250411_094227;1;TUG2;0,1083;1,4981;0,1100;-0,0505;-0,4701;0,0079;-0,8811;;False
687,03;27.54;pa010​;20250411_094227;1;TUG2;0,1082;1,4982;0,1100;-0,0500;-0,4701;0,0075;-0,8812;;False
687,05;27.55;pa010​;20250411_094227;1;TUG2;0,1082;1,4982;0,1100;-0,0498;-0,4701;0,0071;-0,8812;;False
687,06;27.57;pa010​;20250411_094227;1;TUG2;0,1082;1,4983;0,1101;-0,0498;-0,4701;0,0070;-0,8812;;False
687,07;27.58;pa010​;20250411_094227;1;TUG2;0,1081;1,4983;0,1101;-0,0499;-0,4702;0,0072;-0,8811;;False
687,09;27.6;pa010​;20250411_094227;1;TUG2;0,1081;1,4984;0,1101;-0,0503;-0,4702;0,0074;-0,8811;;False
687,10;27.61;pa010​;20250411_094227;1;TUG2;0,1081;1,4985;0,1102;-0,0506;-0,4701;0,0075;-0,8811;;False
687,11;27.62;pa010​;20250411_094227;1;TUG2;0,1080;1,4985;0,1103;-0,0506;-0,4700;0,0075;-0,8812;;False
687,13;27.64;pa010​;20250411_094227;1;TUG2;0,1078;1,4984;0,1103;-0,0506;-0,4700;0,0074;-0,8812;;False
687,14;27.65;pa010​;20250411_094227;1;TUG2;0,1077;1,4985;0,1103;-0,0507;-0,4700;0,0074;-0,8812;;False
687,16;27.67;pa010​;20250411_094227;1;TUG2;0,1076;1,4985;0,1104;-0,0507;-0,4699;0,0073;-0,8812;;False
687,17;27.68;pa010​;20250411_094227;1;TUG2;0,1075;1,4985;0,1104;-0,0506;-0,4698;0,0072;-0,8813;;False
687,18;27.69;pa010​;20250411_094227;1;TUG2;0,1073;1,4985;0,1105;-0,0507;-0,4696;0,0071;-0,8814;;False
687,20;27.71;pa010​;20250411_094227;1;TUG2;0,1072;1,4985;0,1106;-0,0507;-0,4691;0,0073;-0,8816;;False
687,21;27.72;pa010​;20250411_094227;1;TUG2;0,1070;1,4984;0,1108;-0,0507;-0,4688;0,0075;-0,8818;;False
687,23;27.74;pa010​;20250411_094227;1;TUG2;0,1069;1,4983;0,1110;-0,0509;-0,4680;0,0078;-0,8822;;False
687,24;27.75;pa010​;20250411_094227;1;TUG2;0,1068;1,4983;0,1112;-0,0509;-0,4674;0,0077;-0,8826;;False
687,25;27.76;pa010​;20250411_094227;1;TUG2;0,1066;1,4983;0,1114;-0,0507;-0,4667;0,0076;-0,8829;;False
687,27;27.78;pa010​;20250411_094227;1;TUG2;0,1065;1,4984;0,1115;-0,0503;-0,4662;0,0076;-0,8832;;False
687,28;27.79;pa010​;20250411_094227;1;TUG2;0,1063;1,4984;0,1117;-0,0493;-0,4653;0,0076;-0,8837;;False
687,30;27.8;pa010​;20250411_094227;1;TUG2;0,1062;1,4986;0,1120;-0,0478;-0,4643;0,0077;-0,8843;;False
687,31;27.82;pa010​;20250411_094227;1;TUG2;0,1058;1,4989;0,1121;-0,0469;-0,4628;0,0082;-0,8852;;False
687,32;27.83;pa010​;20250411_094227;1;TUG2;0,1054;1,4992;0,1124;-0,0460;-0,4611;0,0086;-0,8861;;False
687,34;27.85;pa010​;20250411_094227;1;TUG2;0,1050;1,4996;0,1128;-0,0442;-0,4585;0,0091;-0,8876;;False
687,35;27.86;pa010​;20250411_094227;1;TUG2;0,1044;1,5001;0,1134;-0,0415;-0,4549;0,0095;-0,8895;;False
687,37;27.87;pa010​;20250411_094227;1;TUG2;0,1036;1,5007;0,1140;-0,0383;-0,4502;0,0101;-0,8921;;False
687,38;27.89;pa010​;20250411_094227;1;TUG2;0,1027;1,5013;0,1147;-0,0352;-0,4444;0,0108;-0,8951;;False
687,39;27.9;pa010​;20250411_094227;1;TUG2;0,1015;1,5018;0,1155;-0,0322;-0,4379;0,0116;-0,8984;;False
687,41;27.92;pa010​;20250411_094227;1;TUG2;0,1003;1,5023;0,1163;-0,0292;-0,4302;0,0129;-0,9021;;False
687,42;27.93;pa010​;20250411_094227;1;TUG2;0,0989;1,5028;0,1173;-0,0267;-0,4220;0,0140;-0,9061;;False
687,43;27.94;pa010​;20250411_094227;1;TUG2;0,0975;1,5032;0,1183;-0,0243;-0,4136;0,0152;-0,9100;;False
687,45;27.96;pa010​;20250411_094227;1;TUG2;0,0961;1,5037;0,1194;-0,0221;-0,4048;0,0162;-0,9140;;False
687,46;27.97;pa010​;20250411_094227;1;TUG2;0,0946;1,5042;0,1204;-0,0192;-0,3962;0,0167;-0,9178;;False
687,48;27.99;pa010​;20250411_094227;1;TUG2;0,0929;1,5044;0,1212;-0,0173;-0,3877;0,0173;-0,9215;;False
687,49;28.0;pa010​;20250411_094227;1;TUG2;0,0915;1,5045;0,1219;-0,0158;-0,3801;0,0186;-0,9246;;False
687,50;28.01;pa010​;20250411_094227;1;TUG2;0,0903;1,5048;0,1225;-0,0150;-0,3731;0,0193;-0,9275;;False
687,52;28.03;pa010​;20250411_094227;1;TUG2;0,0890;1,5049;0,1232;-0,0145;-0,3669;0,0200;-0,9299;;False
687,53;28.04;pa010​;20250411_094227;1;TUG2;0,0877;1,5050;0,1238;-0,0142;-0,3607;0,0206;-0,9323;;False
687,54;28.05;pa010​;20250411_094227;1;TUG2;0,0864;1,5051;0,1244;-0,0141;-0,3550;0,0214;-0,9345;;False
687,56;28.07;pa010​;20250411_094227;1;TUG2;0,0853;1,5054;0,1250;-0,0140;-0,3495;0,0228;-0,9366;;False
687,57;28.08;pa010​;20250411_094227;1;TUG2;0,0841;1,5055;0,1255;-0,0132;-0,3442;0,0236;-0,9385;;False
687,59;28.1;pa010​;20250411_094227;1;TUG2;0,0829;1,5059;0,1258;-0,0126;-0,3398;0,0243;-0,9401;;False
687,60;28.11;pa010​;20250411_094227;1;TUG2;0,0820;1,5063;0,1258;-0,0113;-0,3368;0,0242;-0,9412;;False
687,62;28.12;pa010​;20250411_094227;1;TUG2;0,0811;1,5068;0,1258;-0,0103;-0,3349;0,0241;-0,9419;;False
687,63;28.14;pa010​;20250411_094227;1;TUG2;0,0803;1,5072;0,1257;-0,0090;-0,3337;0,0234;-0,9423;;False
687,64;28.15;pa010​;20250411_094227;1;TUG2;0,0796;1,5078;0,1255;-0,0079;-0,3328;0,0224;-0,9427;;False
687,66;28.17;pa010​;20250411_094227;1;TUG2;0,0788;1,5083;0,1252;-0,0065;-0,3321;0,0218;-0,9430;;False
687,67;28.18;pa010​;20250411_094227;1;TUG2;0,0782;1,5088;0,1248;-0,0046;-0,3314;0,0212;-0,9432;;False
687,68;28.19;pa010​;20250411_094227;1;TUG2;0,0775;1,5092;0,1243;-0,0039;-0,3317;0,0209;-0,9431;;False
687,70;28.21;pa010​;20250411_094227;1;TUG2;0,0770;1,5099;0,1239;-0,0025;-0,3320;0,0206;-0,9431;;False
687,71;28.22;pa010​;20250411_094227;1;TUG2;0,0765;1,5105;0,1236;0,0002;-0,3322;0,0200;-0,9430;;False
687,73;28.23;pa010​;20250411_094227;1;TUG2;0,0762;1,5111;0,1233;0,0022;-0,3327;0,0191;-0,9428;;False
687,74;28.25;pa010​;20250411_094227;1;TUG2;0,0759;1,5114;0,1230;0,0045;-0,3332;0,0183;-0,9427;;False
687,75;28.26;pa010​;20250411_094227;1;TUG2;0,0757;1,5114;0,1229;0,0053;-0,3338;0,0184;-0,9424;;False
687,77;28.28;pa010​;20250411_094227;1;TUG2;0,0755;1,5116;0,1229;0,0056;-0,3342;0,0190;-0,9423;;False
687,78;28.29;pa010​;20250411_094227;1;TUG2;0,0753;1,5116;0,1228;0,0064;-0,3343;0,0197;-0,9422;;False
687,79;28.3;pa010​;20250411_094227;1;TUG2;0,0751;1,5115;0,1227;0,0065;-0,3343;0,0204;-0,9422;;False
687,81;28.32;pa010​;20250411_094227;1;TUG2;0,0749;1,5116;0,1225;0,0063;-0,3341;0,0204;-0,9423;;False
687,82;28.33;pa010​;20250411_094227;1;TUG2;0,0749;1,5113;0,1224;0,0064;-0,3349;0,0196;-0,9420;;False
687,84;28.35;pa010​;20250411_094227;1;TUG2;0,0749;1,5112;0,1223;0,0067;-0,3367;0,0191;-0,9414;;False
687,85;28.36;pa010​;20250411_094227;1;TUG2;0,0749;1,5112;0,1223;0,0070;-0,3389;0,0190;-0,9406;;False
687,87;28.37;pa010​;20250411_094227;1;TUG2;0,0750;1,5112;0,1223;0,0069;-0,3407;0,0184;-0,9400;;False
687,88;28.39;pa010​;20250411_094227;1;TUG2;0,0749;1,5112;0,1223;0,0058;-0,3424;0,0184;-0,9394;;False
687,89;28.4;pa010​;20250411_094227;1;TUG2;0,0747;1,5111;0,1223;0,0046;-0,3431;0,0188;-0,9391;;False
687,91;28.42;pa010​;20250411_094227;1;TUG2;0,0744;1,5111;0,1224;0,0042;-0,3434;0,0190;-0,9390;;False
687,92;28.43;pa010​;20250411_094227;1;TUG2;0,0737;1,5111;0,1228;0,0041;-0,3430;0,0193;-0,9391;;False
687,95;28.46;pa010​;20250411_094227;1;TUG2;0,0728;1,5106;0,1235;0,0006;-0,3422;0,0197;-0,9394;;False
687,96;28.47;pa010​;20250411_094227;1;TUG2;0,0725;1,5104;0,1239;-0,0012;-0,3419;0,0197;-0,9395;;False
687,98;28.48;pa010​;20250411_094227;1;TUG2;0,0723;1,5101;0,1243;-0,0025;-0,3419;0,0194;-0,9395;;False
687,99;28.5;pa010​;20250411_094227;1;TUG2;0,0722;1,5100;0,1247;-0,0041;-0,3424;0,0187;-0,9394;;False
688,00;28.51;pa010​;20250411_094227;1;TUG2;0,0719;1,5100;0,1252;-0,0040;-0,3424;0,0184;-0,9394;;False
688,02;28.53;pa010​;20250411_094227;1;TUG2;0,0715;1,5099;0,1258;-0,0037;-0,3418;0,0185;-0,9396;;False
688,03;28.54;pa010​;20250411_094227;1;TUG2;0,0712;1,5098;0,1262;-0,0039;-0,3407;0,0188;-0,9400;;False
688,04;28.55;pa010​;20250411_094227;1;TUG2;0,0709;1,5099;0,1267;-0,0034;-0,3397;0,0192;-0,9403;;False
688,06;28.57;pa010​;20250411_094227;1;TUG2;0,0705;1,5099;0,1272;-0,0027;-0,3383;0,0194;-0,9408;;False
688,07;28.58;pa010​;20250411_094227;1;TUG2;0,0701;1,5098;0,1277;-0,0039;-0,3362;0,0203;-0,9415;;False
688,09;28.6;pa010​;20250411_094227;1;TUG2;0,0699;1,5100;0,1283;-0,0029;-0,3340;0,0207;-0,9423;;False
688,10;28.61;pa010​;20250411_094227;1;TUG2;0,0696;1,5099;0,1287;-0,0020;-0,3319;0,0211;-0,9431;;False
688,11;28.62;pa010​;20250411_094227;1;TUG2;0,0693;1,5096;0,1290;-0,0033;-0,3302;0,0216;-0,9437;;False
688,13;28.64;pa010​;20250411_094227;1;TUG2;0,0693;1,5095;0,1293;-0,0045;-0,3288;0,0222;-0,9441;;False
688,14;28.65;pa010​;20250411_094227;1;TUG2;0,0693;1,5095;0,1295;-0,0053;-0,3281;0,0230;-0,9443;;False
688,16;28.67;pa010​;20250411_094227;1;TUG2;0,0695;1,5093;0,1295;-0,0060;-0,3283;0,0240;-0,9442;;False
688,17;28.68;pa010​;20250411_094227;1;TUG2;0,0694;1,5092;0,1298;-0,0070;-0,3291;0,0247;-0,9440;;False
688,18;28.69;pa010​;20250411_094227;1;TUG2;0,0696;1,5088;0,1297;-0,0083;-0,3294;0,0249;-0,9438;;False
688,20;28.71;pa010​;20250411_094227;1;TUG2;0,0699;1,5086;0,1297;-0,0083;-0,3296;0,0244;-0,9438;;False
688,21;28.72;pa010​;20250411_094227;1;TUG2;0,0703;1,5086;0,1298;-0,0076;-0,3307;0,0241;-0,9434;;False
688,23;28.73;pa010​;20250411_094227;1;TUG2;0,0707;1,5085;0,1297;-0,0077;-0,3317;0,0239;-0,9430;;False
688,24;28.75;pa010​;20250411_094227;1;TUG2;0,0709;1,5083;0,1297;-0,0086;-0,3328;0,0238;-0,9426;;False
688,25;28.76;pa010​;20250411_094227;1;TUG2;0,0712;1,5082;0,1297;-0,0093;-0,3339;0,0241;-0,9422;;False
688,27;28.78;pa010​;20250411_094227;1;TUG2;0,0714;1,5081;0,1298;-0,0099;-0,3346;0,0242;-0,9420;;False
688,28;28.79;pa010​;20250411_094227;1;TUG2;0,0716;1,5079;0,1298;-0,0105;-0,3349;0,0244;-0,9419;;False
688,30;28.8;pa010​;20250411_094227;1;TUG2;0,0717;1,5076;0,1297;-0,0108;-0,3349;0,0242;-0,9419;;False
688,31;28.82;pa010​;20250411_094227;1;TUG2;0,0718;1,5074;0,1295;-0,0113;-0,3350;0,0248;-0,9418;;False
688,32;28.83;pa010​;20250411_094227;1;TUG2;0,0719;1,5074;0,1294;-0,0107;-0,3349;0,0247;-0,9419;;False
688,34;28.85;pa010​;20250411_094227;1;TUG2;0,0719;1,5074;0,1293;-0,0099;-0,3352;0,0243;-0,9418;;False
688,35;28.86;pa010​;20250411_094227;1;TUG2;0,0720;1,5075;0,1291;-0,0100;-0,3352;0,0243;-0,9418;;False
688,36;28.87;pa010​;20250411_094227;1;TUG2;0,0720;1,5075;0,1290;-0,0102;-0,3354;0,0245;-0,9417;;False
688,38;28.89;pa010​;20250411_094227;1;TUG2;0,0721;1,5076;0,1287;-0,0096;-0,3353;0,0243;-0,9417;;False
688,39;28.9;pa010​;20250411_094227;1;TUG2;0,0722;1,5076;0,1284;-0,0097;-0,3353;0,0251;-0,9417;;False
688,41;28.92;pa010​;20250411_094227;1;TUG2;0,0722;1,5075;0,1281;-0,0096;-0,3354;0,0262;-0,9417;;False
688,42;28.93;pa010​;20250411_094227;1;TUG2;0,0724;1,5075;0,1279;-0,0095;-0,3348;0,0273;-0,9418;;False
688,44;28.94;pa010​;20250411_094227;1;TUG2;0,0724;1,5076;0,1276;-0,0090;-0,3333;0,0290;-0,9423;;False
688,45;28.96;pa010​;20250411_094227;1;TUG2;0,0723;1,5077;0,1274;-0,0087;-0,3323;0,0301;-0,9426;;False
688,46;28.97;pa010​;20250411_094227;1;TUG2;0,0722;1,5078;0,1271;-0,0081;-0,3317;0,0312;-0,9428;;False
688,48;28.98;pa010​;20250411_094227;1;TUG2;0,0720;1,5079;0,1269;-0,0082;-0,3312;0,0322;-0,9430;;False
688,49;29.0;pa010​;20250411_094227;1;TUG2;0,0717;1,5081;0,1267;-0,0085;-0,3314;0,0329;-0,9429;;False
688,50;29.01;pa010​;20250411_094227;1;TUG2;0,0715;1,5083;0,1266;-0,0079;-0,3319;0,0324;-0,9427;;False
688,52;29.03;pa010​;20250411_094227;1;TUG2;0,0714;1,5085;0,1268;-0,0068;-0,3325;0,0319;-0,9426;;False
688,53;29.04;pa010​;20250411_094227;1;TUG2;0,0713;1,5087;0,1272;-0,0061;-0,3328;0,0313;-0,9424;;False
688,54;29.05;pa010​;20250411_094227;1;TUG2;0,0711;1,5086;0,1276;-0,0063;-0,3324;0,0305;-0,9426;;False
688,56;29.07;pa010​;20250411_094227;1;TUG2;0,0703;1,5082;0,1283;-0,0077;-0,3305;0,0307;-0,9433;;False
688,57;29.08;pa010​;20250411_094227;1;TUG2;0,0699;1,5080;0,1287;-0,0082;-0,3277;0,0319;-0,9442;;False
688,59;29.1;pa010​;20250411_094227;1;TUG2;0,0695;1,5080;0,1290;-0,0088;-0,3251;0,0330;-0,9451;;False
688,60;29.11;pa010​;20250411_094227;1;TUG2;0,0692;1,5079;0,1292;-0,0093;-0,3225;0,0333;-0,9459;;False
688,61;29.12;pa010​;20250411_094227;1;TUG2;0,0691;1,5078;0,1293;-0,0098;-0,3206;0,0328;-0,9466;;False
688,63;29.14;pa010​;20250411_094227;1;TUG2;0,0692;1,5079;0,1292;-0,0096;-0,3200;0,0322;-0,9468;;False
688,64;29.15;pa010​;20250411_094227;1;TUG2;0,0690;1,5078;0,1294;-0,0091;-0,3207;0,0315;-0,9466;;False
688,66;29.17;pa010​;20250411_094227;1;TUG2;0,0694;1,5079;0,1292;-0,0088;-0,3213;0,0302;-0,9465;;False
688,67;29.18;pa010​;20250411_094227;1;TUG2;0,0700;1,5078;0,1289;-0,0093;-0,3219;0,0297;-0,9463;;False
688,68;29.19;pa010​;20250411_094227;1;TUG2;0,0707;1,5077;0,1284;-0,0103;-0,3226;0,0311;-0,9460;;False
688,70;29.21;pa010​;20250411_094227;1;TUG2;0,0711;1,5074;0,1282;-0,0104;-0,3227;0,0331;-0,9459;;False
688,71;29.22;pa010​;20250411_094227;1;TUG2;0,0714;1,5071;0,1281;-0,0117;-0,3223;0,0355;-0,9459;;False
688,73;29.23;pa010​;20250411_094227;1;TUG2;0,0716;1,5068;0,1280;-0,0126;-0,3215;0,0381;-0,9461;;False
688,74;29.25;pa010​;20250411_094227;1;TUG2;0,0718;1,5064;0,1280;-0,0130;-0,3211;0,0402;-0,9461;;False
688,75;29.26;pa010​;20250411_094227;1;TUG2;0,0717;1,5062;0,1280;-0,0139;-0,3211;0,0411;-0,9461;;False
688,77;29.28;pa010​;20250411_094227;1;TUG2;0,0713;1,5060;0,1282;-0,0143;-0,3213;0,0414;-0,9460;;False
688,78;29.29;pa010​;20250411_094227;1;TUG2;0,0714;1,5058;0,1281;-0,0154;-0,3213;0,0414;-0,9459;;False
688,80;29.3;pa010​;20250411_094227;1;TUG2;0,0702;1,5061;0,1289;-0,0161;-0,3209;0,0402;-0,9461;;False
688,81;29.32;pa010​;20250411_094227;1;TUG2;0,0695;1,5062;0,1297;-0,0154;-0,3203;0,0394;-0,9464;;False
688,82;29.33;pa010​;20250411_094227;1;TUG2;0,0685;1,5058;0,1304;-0,0153;-0,3188;0,0378;-0,9469;;False
688,84;29.35;pa010​;20250411_094227;1;TUG2;0,0674;1,5054;0,1311;-0,0166;-0,3166;0,0364;-0,9477;;False
688,85;29.36;pa010​;20250411_094227;1;TUG2;0,0666;1,5048;0,1318;-0,0194;-0,3141;0,0356;-0,9485;;False
688,86;29.37;pa010​;20250411_094227;1;TUG2;0,0657;1,5041;0,1324;-0,0222;-0,3122;0,0354;-0,9491;;False
688,88;29.39;pa010​;20250411_094227;1;TUG2;0,0651;1,5036;0,1329;-0,0253;-0,3097;0,0354;-0,9498;;False
688,89;29.4;pa010​;20250411_094227;1;TUG2;0,0646;1,5031;0,1333;-0,0287;-0,3084;0,0360;-0,9501;;False
688,91;29.42;pa010​;20250411_094227;1;TUG2;0,0644;1,5024;0,1334;-0,0309;-0,3075;0,0372;-0,9503;;False
688,92;29.43;pa010​;20250411_094227;1;TUG2;0,0644;1,5019;0,1334;-0,0330;-0,3080;0,0388;-0,9500;;False
688,93;29.44;pa010​;20250411_094227;1;TUG2;0,0646;1,5014;0,1333;-0,0351;-0,3093;0,0399;-0,9495;;False
688,95;29.46;pa010​;20250411_094227;1;TUG2;0,0648;1,5011;0,1331;-0,0368;-0,3107;0,0406;-0,9489;;False
688,96;29.47;pa010​;20250411_094227;1;TUG2;0,0651;1,5009;0,1328;-0,0387;-0,3118;0,0411;-0,9485;;False
688,98;29.48;pa010​;20250411_094227;1;TUG2;0,0653;1,5008;0,1323;-0,0409;-0,3125;0,0416;-0,9481;;False
688,99;29.5;pa010​;20250411_094227;1;TUG2;0,0656;1,5010;0,1319;-0,0414;-0,3127;0,0417;-0,9480;;False
689,00;29.51;pa010​;20250411_094227;1;TUG2;0,0658;1,5016;0,1317;-0,0391;-0,3126;0,0421;-0,9481;;False
689,02;29.53;pa010​;20250411_094227;1;TUG2;0,0659;1,5025;0,1314;-0,0343;-0,3125;0,0429;-0,9483;;False
689,03;29.54;pa010​;20250411_094227;1;TUG2;0,0658;1,5034;0,1311;-0,0296;-0,3114;0,0440;-0,9488;;False
689,04;29.55;pa010​;20250411_094227;1;TUG2;0,0656;1,5043;0,1308;-0,0252;-0,3099;0,0440;-0,9494;;False
689,06;29.57;pa010​;20250411_094227;1;TUG2;0,0654;1,5051;0,1307;-0,0213;-0,3089;0,0440;-0,9498;;False
689,07;29.58;pa010​;20250411_094227;1;TUG2;0,0652;1,5056;0,1304;-0,0178;-0,3079;0,0431;-0,9503;;False
689,09;29.6;pa010​;20250411_094227;1;TUG2;0,0651;1,5062;0,1304;-0,0157;-0,3076;0,0423;-0,9504;;False
689,10;29.61;pa010​;20250411_094227;1;TUG2;0,0650;1,5063;0,1303;-0,0141;-0,3075;0,0413;-0,9506;;False
689,11;29.62;pa010​;20250411_094227;1;TUG2;0,0648;1,5062;0,1304;-0,0149;-0,3078;0,0412;-0,9504;;False
689,13;29.64;pa010​;20250411_094227;1;TUG2;0,0646;1,5066;0,1304;-0,0168;-0,3077;0,0413;-0,9504;;False
689,14;29.65;pa010​;20250411_094227;1;TUG2;0,0644;1,5060;0,1307;-0,0193;-0,3075;0,0418;-0,9504;;False
689,16;29.67;pa010​;20250411_094227;1;TUG2;0,0642;1,5045;0,1316;-0,0222;-0,3067;0,0424;-0,9506;;False
689,17;29.68;pa010​;20250411_094227;1;TUG2;0,0639;1,5037;0,1323;-0,0252;-0,3059;0,0433;-0,9508;;False
689,18;29.69;pa010​;20250411_094227;1;TUG2;0,0635;1,5028;0,1330;-0,0284;-0,3044;0,0437;-0,9511;;False
689,20;29.71;pa010​;20250411_094227;1;TUG2;0,0631;1,5019;0,1336;-0,0322;-0,3037;0,0442;-0,9512;;False
689,21;29.72;pa010​;20250411_094227;1;TUG2;0,0628;1,5014;0,1342;-0,0347;-0,3028;0,0440;-0,9514;;False
689,23;29.73;pa010​;20250411_094227;1;TUG2;0,0626;1,5014;0,1347;-0,0351;-0,3022;0,0437;-0,9516;;False
689,24;29.75;pa010​;20250411_094227;1;TUG2;0,0624;1,5015;0,1352;-0,0342;-0,3022;0,0430;-0,9517;;False
689,25;29.76;pa010​;20250411_094227;1;TUG2;0,0620;1,5017;0,1354;-0,0329;-0,3018;0,0423;-0,9519;;False
689,27;29.78;pa010​;20250411_094227;1;TUG2;0,0617;1,5020;0,1358;-0,0311;-0,3011;0,0418;-0,9522;;False
689,28;29.79;pa010​;20250411_094227;1;TUG2;0,0616;1,5025;0,1360;-0,0283;-0,3006;0,0412;-0,9525;;False
689,30;29.8;pa010​;20250411_094227;1;TUG2;0,0615;1,5030;0,1362;-0,0256;-0,3003;0,0407;-0,9526;;False
689,31;29.82;pa010​;20250411_094227;1;TUG2;0,0613;1,5033;0,1363;-0,0236;-0,3004;0,0406;-0,9526;;False
689,32;29.83;pa010​;20250411_094227;1;TUG2;0,0612;1,5035;0,1366;-0,0221;-0,3007;0,0402;-0,9526;;False
689,34;29.85;pa010​;20250411_094227;1;TUG2;0,0610;1,5037;0,1368;-0,0209;-0,3009;0,0400;-0,9526;;False
689,35;29.86;pa010​;20250411_094227;1;TUG2;0,0609;1,5039;0,1371;-0,0202;-0,3011;0,0398;-0,9525;;False
689,36;29.87;pa010​;20250411_094227;1;TUG2;0,0609;1,5038;0,1375;-0,0190;-0,3014;0,0398;-0,9525;;False
689,38;29.89;pa010​;20250411_094227;1;TUG2;0,0608;1,5036;0,1378;-0,0206;-0,3021;0,0402;-0,9522;;False
689,39;29.9;pa010​;20250411_094227;1;TUG2;0,0606;1,5032;0,1381;-0,0227;-0,3030;0,0406;-0,9519;;False
689,41;29.91;pa010​;20250411_094227;1;TUG2;0,0606;1,5028;0,1385;-0,0252;-0,3035;0,0409;-0,9516;;False
689,42;29.93;pa010​;20250411_094227;1;TUG2;0,0606;1,5022;0,1388;-0,0282;-0,3045;0,0412;-0,9512;;False
689,43;29.94;pa010​;20250411_094227;1;TUG2;0,0606;1,5018;0,1391;-0,0308;-0,3054;0,0412;-0,9508;;False
689,45;29.96;pa010​;20250411_094227;1;TUG2;0,0607;1,5014;0,1394;-0,0323;-0,3065;0,0413;-0,9504;;False
689,46;29.97;pa010​;20250411_094227;1;TUG2;0,0608;1,5010;0,1397;-0,0333;-0,3073;0,0410;-0,9501;;False
689,48;29.98;pa010​;20250411_094227;1;TUG2;0,0608;1,5009;0,1401;-0,0341;-0,3077;0,0410;-0,9500;;False
689,49;30.0;pa010​;20250411_094227;1;TUG2;0,0609;1,5011;0,1404;-0,0335;-0,3081;0,0411;-0,9499;;False
689,50;30.01;pa010​;20250411_094227;1;TUG2;0,0609;1,5012;0,1407;-0,0329;-0,3079;0,0414;-0,9499;;False
689,52;30.03;pa010​;20250411_094227;1;TUG2;0,0608;1,5012;0,1410;-0,0324;-0,3078;0,0418;-0,9500;;False
689,53;30.04;pa010​;20250411_094227;1;TUG2;0,0607;1,5012;0,1412;-0,0314;-0,3076;0,0417;-0,9501;;False
689,55;30.05;pa010​;20250411_094227;1;TUG2;0,0607;1,5013;0,1414;-0,0310;-0,3079;0,0414;-0,9500;;False
689,56;30.07;pa010​;20250411_094227;1;TUG2;0,0607;1,5013;0,1418;-0,0305;-0,3084;0,0406;-0,9499;;False
689,57;30.08;pa010​;20250411_094227;1;TUG2;0,0607;1,5014;0,1419;-0,0303;-0,3089;0,0396;-0,9498;;False
689,59;30.1;pa010​;20250411_094227;1;TUG2;0,0607;1,5016;0,1420;-0,0301;-0,3095;0,0386;-0,9496;;False
689,60;30.11;pa010​;20250411_094227;1;TUG2;0,0607;1,5018;0,1421;-0,0302;-0,3100;0,0380;-0,9495;;False
689,61;30.12;pa010​;20250411_094227;1;TUG2;0,0606;1,5019;0,1422;-0,0300;-0,3104;0,0379;-0,9494;;False
689,63;30.14;pa010​;20250411_094227;1;TUG2;0,0605;1,5021;0,1425;-0,0289;-0,3109;0,0372;-0,9493;;False
689,64;30.15;pa010​;20250411_094227;1;TUG2;0,0604;1,5023;0,1427;-0,0282;-0,3114;0,0370;-0,9491;;False
689,66;30.17;pa010​;20250411_094227;1;TUG2;0,0603;1,5024;0,1429;-0,0279;-0,3120;0,0368;-0,9490;;False
689,67;30.18;pa010​;20250411_094227;1;TUG2;0,0602;1,5025;0,1429;-0,0274;-0,3130;0,0360;-0,9487;;False
689,68;30.19;pa010​;20250411_094227;1;TUG2;0,0601;1,5027;0,1429;-0,0275;-0,3140;0,0355;-0,9484;;False
689,70;30.21;pa010​;20250411_094227;1;TUG2;0,0601;1,5028;0,1428;-0,0270;-0,3150;0,0347;-0,9481;;False
689,71;30.22;pa010​;20250411_094227;1;TUG2;0,0600;1,5028;0,1428;-0,0271;-0,3159;0,0342;-0,9478;;False
689,73;30.23;pa010​;20250411_094227;1;TUG2;0,0600;1,5028;0,1428;-0,0268;-0,3167;0,0341;-0,9475;;False
689,74;30.25;pa010​;20250411_094227;1;TUG2;0,0600;1,5027;0,1428;-0,0265;-0,3171;0,0342;-0,9474;;False
689,75;30.26;pa010​;20250411_094227;1;TUG2;0,0600;1,5026;0,1429;-0,0262;-0,3171;0,0346;-0,9474;;False
689,77;30.28;pa010​;20250411_094227;1;TUG2;0,0600;1,5025;0,1431;-0,0262;-0,3168;0,0352;-0,9475;;False
689,78;30.29;pa010​;20250411_094227;1;TUG2;0,0600;1,5025;0,1432;-0,0257;-0,3170;0,0359;-0,9474;;False
689,80;30.3;pa010​;20250411_094227;1;TUG2;0,0599;1,5025;0,1433;-0,0253;-0,3173;0,0361;-0,9473;;False
689,81;30.32;pa010​;20250411_094227;1;TUG2;0,0599;1,5025;0,1434;-0,0253;-0,3175;0,0354;-0,9473;;False
689,82;30.33;pa010​;20250411_094227;1;TUG2;0,0598;1,5024;0,1435;-0,0256;-0,3177;0,0350;-0,9472;;False
689,84;30.35;pa010​;20250411_094227;1;TUG2;0,0598;1,5022;0,1436;-0,0260;-0,3185;0,0345;-0,9469;;False
689,85;30.36;pa010​;20250411_094227;1;TUG2;0,0599;1,5021;0,1437;-0,0253;-0,3196;0,0338;-0,9466;;False
689,86;30.37;pa010​;20250411_094227;1;TUG2;0,0600;1,5021;0,1438;-0,0239;-0,3206;0,0329;-0,9464;;False
689,88;30.39;pa010​;20250411_094227;1;TUG2;0,0603;1,5022;0,1440;-0,0221;-0,3220;0,0324;-0,9459;;False
689,89;30.4;pa010​;20250411_094227;1;TUG2;0,0606;1,5022;0,1441;-0,0207;-0,3234;0,0316;-0,9455;;False
689,91;30.41;pa010​;20250411_094227;1;TUG2;0,0610;1,5022;0,1442;-0,0199;-0,3248;0,0317;-0,9451;;False
689,92;30.43;pa010​;20250411_094227;1;TUG2;0,0613;1,5021;0,1443;-0,0199;-0,3259;0,0318;-0,9446;;False
689,93;30.44;pa010​;20250411_094227;1;TUG2;0,0616;1,5015;0,1443;-0,0204;-0,3266;0,0321;-0,9444;;False
689,95;30.46;pa010​;20250411_094227;1;TUG2;0,0618;1,5013;0,1443;-0,0217;-0,3275;0,0327;-0,9440;;False
689,96;30.47;pa010​;20250411_094227;1;TUG2;0,0622;1,5009;0,1444;-0,0226;-0,3283;0,0326;-0,9437;;False
689,98;30.48;pa010​;20250411_094227;1;TUG2;0,0625;1,5007;0,1444;-0,0233;-0,3293;0,0325;-0,9434;;False
689,99;30.5;pa010​;20250411_094227;1;TUG2;0,0627;1,5004;0,1444;-0,0238;-0,3302;0,0324;-0,9430;;False
690,00;30.51;pa010​;20250411_094227;1;TUG2;0,0629;1,5002;0,1445;-0,0244;-0,3307;0,0325;-0,9428;;False
690,02;30.53;pa010​;20250411_094227;1;TUG2;0,0632;1,4999;0,1447;-0,0244;-0,3307;0,0326;-0,9428;;False
690,03;30.54;pa010​;20250411_094227;1;TUG2;0,0635;1,4996;0,1448;-0,0247;-0,3308;0,0329;-0,9428;;False
690,05;30.55;pa010​;20250411_094227;1;TUG2;0,0637;1,4993;0,1449;-0,0256;-0,3312;0,0333;-0,9426;;False
690,06;30.57;pa010​;20250411_094227;1;TUG2;0,0639;1,4990;0,1451;-0,0263;-0,3314;0,0340;-0,9425;;False
690,07;30.58;pa010​;20250411_094227;1;TUG2;0,0642;1,4986;0,1453;-0,0269;-0,3312;0,0345;-0,9425;;False
690,09;30.6;pa010​;20250411_094227;1;TUG2;0,0642;1,4982;0,1453;-0,0280;-0,3313;0,0355;-0,9424;;False
690,10;30.61;pa010​;20250411_094227;1;TUG2;0,0645;1,4978;0,1452;-0,0293;-0,3313;0,0363;-0,9424;;False
690,11;30.62;pa010​;20250411_094227;1;TUG2;0,0649;1,4978;0,1450;-0,0303;-0,3323;0,0371;-0,9420;;False
690,13;30.64;pa010​;20250411_094227;1;TUG2;0,0655;1,4978;0,1447;-0,0297;-0,3337;0,0368;-0,9415;;False
690,14;30.65;pa010​;20250411_094227;1;TUG2;0,0660;1,4979;0,1443;-0,0292;-0,3362;0,0364;-0,9406;;False
690,16;30.66;pa010​;20250411_094227;1;TUG2;0,0666;1,4979;0,1438;-0,0290;-0,3391;0,0355;-0,9396;;False
690,17;30.68;pa010​;20250411_094227;1;TUG2;0,0673;1,4980;0,1432;-0,0287;-0,3428;0,0344;-0,9383;;False
690,18;30.69;pa010​;20250411_094227;1;TUG2;0,0680;1,4981;0,1426;-0,0294;-0,3477;0,0331;-0,9366;;False
690,20;30.71;pa010​;20250411_094227;1;TUG2;0,0687;1,4979;0,1414;-0,0303;-0,3526;0,0316;-0,9347;;False
690,21;30.72;pa010​;20250411_094227;1;TUG2;0,0696;1,4978;0,1402;-0,0315;-0,3592;0,0298;-0,9323;;False
690,23;30.73;pa010​;20250411_094227;1;TUG2;0,0706;1,4981;0,1388;-0,0343;-0,3674;0,0267;-0,9290;;False
690,24;30.75;pa010​;20250411_094227;1;TUG2;0,0718;1,4981;0,1371;-0,0362;-0,3768;0,0234;-0,9253;;False
690,25;30.76;pa010​;20250411_094227;1;TUG2;0,0730;1,4983;0,1355;-0,0380;-0,3869;0,0196;-0,9211;;False
690,27;30.78;pa010​;20250411_094227;1;TUG2;0,0742;1,4983;0,1338;-0,0401;-0,3973;0,0168;-0,9166;;False
690,28;30.79;pa010​;20250411_094227;1;TUG2;0,0751;1,4983;0,1321;-0,0417;-0,4072;0,0147;-0,9123;;False
690,29;30.8;pa010​;20250411_094227;1;TUG2;0,0760;1,4985;0,1307;-0,0427;-0,4153;0,0135;-0,9086;;False
690,31;30.82;pa010​;20250411_094227;1;TUG2;0,0769;1,4989;0,1293;-0,0423;-0,4222;0,0130;-0,9054;;False
690,32;30.83;pa010​;20250411_094227;1;TUG2;0,0775;1,4992;0,1280;-0,0420;-0,4280;0,0134;-0,9027;;False
690,34;30.85;pa010​;20250411_094227;1;TUG2;0,0781;1,4992;0,1266;-0,0425;-0,4327;0,0138;-0,9004;;False
690,35;30.86;pa010​;20250411_094227;1;TUG2;0,0785;1,4995;0,1253;-0,0439;-0,4377;0,0147;-0,8979;;False
690,36;30.87;pa010​;20250411_094227;1;TUG2;0,0789;1,4995;0,1240;-0,0445;-0,4419;0,0137;-0,8959;;False
690,38;30.89;pa010​;20250411_094227;1;TUG2;0,0791;1,4996;0,1230;-0,0456;-0,4449;0,0131;-0,8943;;False
690,39;30.9;pa010​;20250411_094227;1;TUG2;0,0791;1,4996;0,1222;-0,0465;-0,4472;0,0139;-0,8931;;False
690,41;30.92;pa010​;20250411_094227;1;TUG2;0,0791;1,4995;0,1217;-0,0467;-0,4482;0,0152;-0,8926;;False
690,42;30.93;pa010​;20250411_094227;1;TUG2;0,0791;1,4994;0,1216;-0,0476;-0,4480;0,0170;-0,8926;;False
690,43;30.94;pa010​;20250411_094227;1;TUG2;0,0791;1,4989;0,1215;-0,0485;-0,4478;0,0191;-0,8926;;False
690,45;30.96;pa010​;20250411_094227;1;TUG2;0,0794;1,4985;0,1216;-0,0502;-0,4467;0,0209;-0,8930;;False
690,46;30.97;pa010​;20250411_094227;1;TUG2;0,0797;1,4981;0,1217;-0,0516;-0,4462;0,0213;-0,8932;;False
690,47;30.98;pa010​;20250411_094227;1;TUG2;0,0801;1,4976;0,1218;-0,0529;-0,4457;0,0212;-0,8934;;False
690,49;31.0;pa010​;20250411_094227;1;TUG2;0,0803;1,4969;0,1218;-0,0539;-0,4452;0,0214;-0,8935;;False
690,50;31.01;pa010​;20250411_094227;1;TUG2;0,0805;1,4962;0,1217;-0,0557;-0,4452;0,0227;-0,8934;;False
690,52;31.03;pa010​;20250411_094227;1;TUG2;0,0810;1,4957;0,1215;-0,0579;-0,4452;0,0241;-0,8932;;False
690,53;31.04;pa010​;20250411_094227;1;TUG2;0,0815;1,4952;0,1212;-0,0593;-0,4459;0,0259;-0,8927;;False
690,55;31.06;pa010​;20250411_094227;1;TUG2;0,0820;1,4945;0,1209;-0,0611;-0,4465;0,0279;-0,8922;;False
690,56;31.07;pa010​;20250411_094227;1;TUG2;0,0826;1,4939;0,1204;-0,0631;-0,4473;0,0290;-0,8917;;False
690,57;31.08;pa010​;20250411_094227;1;TUG2;0,0831;1,4934;0,1201;-0,0651;-0,4491;0,0297;-0,8906;;False
690,59;31.1;pa010​;20250411_094227;1;TUG2;0,0839;1,4934;0,1196;-0,0662;-0,4509;0,0301;-0,8896;;False
690,60;31.11;pa010​;20250411_094227;1;TUG2;0,0847;1,4942;0,1187;-0,0631;-0,4547;0,0351;-0,8877;;False
690,61;31.12;pa010​;20250411_094227;1;TUG2;0,0852;1,4942;0,1176;-0,0576;-0,4619;0,0366;-0,8843;;False
690,63;31.14;pa010​;20250411_094227;1;TUG2;0,0867;1,4944;0,1159;-0,0574;-0,4624;0,0353;-0,8841;;False
690,64;31.15;pa010​;20250411_094227;1;TUG2;0,0866;1,4940;0,1143;-0,0557;-0,4661;0,0379;-0,8822;;False
690,66;31.17;pa010​;20250411_094227;1;TUG2;0,0866;1,4937;0,1127;-0,0567;-0,4691;0,0400;-0,8804;;False
690,67;31.18;pa010​;20250411_094227;1;TUG2;0,0864;1,4934;0,1110;-0,0601;-0,4698;0,0401;-0,8798;;False
690,68;31.19;pa010​;20250411_094227;1;TUG2;0,0859;1,4932;0,1102;-0,0637;-0,4708;0,0425;-0,8789;;False
690,70;31.21;pa010​;20250411_094227;1;TUG2;0,0857;1,4920;0,1096;-0,0632;-0,4707;0,0400;-0,8791;;False
690,71;31.22;pa010​;20250411_094227;1;TUG2;0,0850;1,4922;0,1089;-0,0674;-0,4700;0,0405;-0,8791;;False
690,73;31.24;pa010​;20250411_094227;1;TUG2;0,0852;1,4919;0,1088;-0,0676;-0,4687;0,0452;-0,8796;;False
690,74;31.25;pa010​;20250411_094227;1;TUG2;0,0853;1,4915;0,1086;-0,0672;-0,4692;0,0466;-0,8793;;False
690,75;31.26;pa010​;20250411_094227;1;TUG2;0,0856;1,4909;0,1080;-0,0688;-0,4700;0,0450;-0,8789;;False
690,77;31.28;pa010​;20250411_094227;1;TUG2;0,0855;1,4904;0,1074;-0,0710;-0,4728;0,0431;-0,8772;;False
690,78;31.29;pa010​;20250411_094227;1;TUG2;0,0854;1,4903;0,1070;-0,0723;-0,4759;0,0430;-0,8754;;False
690,79;31.3;pa010​;20250411_094227;1;TUG2;0,0853;1,4906;0,1070;-0,0710;-0,4786;0,0446;-0,8740;;False
690,81;31.32;pa010​;20250411_094227;1;TUG2;0,0851;1,4909;0,1068;-0,0693;-0,4791;0,0446;-0,8739;;False
690,82;31.33;pa010​;20250411_094227;1;TUG2;0,0850;1,4907;0,1064;-0,0682;-0,4781;0,0465;-0,8744;;False
690,84;31.35;pa010​;20250411_094227;1;TUG2;0,0838;1,4914;0,1063;-0,0663;-0,4804;0,0494;-0,8732;;False
690,85;31.36;pa010​;20250411_094227;1;TUG2;0,0838;1,4914;0,1054;-0,0665;-0,4783;0,0520;-0,8741;;False
690,87;31.37;pa010​;20250411_094227;1;TUG2;0,0831;1,4911;0,1050;-0,0690;-0,4773;0,0503;-0,8746;;False
690,88;31.39;pa010​;20250411_094227;1;TUG2;0,0823;1,4907;0,1053;-0,0721;-0,4767;0,0484;-0,8748;;False
690,89;31.4;pa010​;20250411_094227;1;TUG2;0,0814;1,4905;0,1060;-0,0750;-0,4742;0,0464;-0,8760;;False
690,91;31.42;pa010​;20250411_094227;1;TUG2;0,0802;1,4905;0,1068;-0,0796;-0,4698;0,0445;-0,8781;;False
690,92;31.43;pa010​;20250411_094227;1;TUG2;0,0795;1,4897;0,1086;-0,0810;-0,4662;0,0467;-0,8797;;False
690,93;31.44;pa010​;20250411_094227;1;TUG2;0,0783;1,4884;0,1101;-0,0844;-0,4633;0,0466;-0,8809;;False
690,95;31.46;pa010​;20250411_094227;1;TUG2;0,0775;1,4878;0,1116;-0,0920;-0,4593;0,0479;-0,8822;;False
690,96;31.47;pa010​;20250411_094227;1;TUG2;0,0769;1,4859;0,1133;-0,0959;-0,4515;0,0468;-0,8859;;False
690,98;31.48;pa010​;20250411_094227;1;TUG2;0,0761;1,4849;0,1148;-0,1020;-0,4467;0,0506;-0,8874;;False
690,99;31.5;pa010​;20250411_094227;1;TUG2;0,0766;1,4839;0,1143;-0,1015;-0,4365;0,0561;-0,8922;;False
691,00;31.51;pa010​;20250411_094227;1;TUG2;0,0772;1,4821;0,1144;-0,1002;-0,4288;0,0546;-0,8962;;False
691,02;31.53;pa010​;20250411_094227;1;TUG2;0,0755;1,4832;0,1172;-0,1107;-0,4308;0,0608;-0,8935;;False
691,03;31.54;pa010​;20250411_094227;1;TUG2;0,0750;1,4822;0,1180;-0,1108;-0,4275;0,0645;-0,8949;;False
691,04;31.55;pa010​;20250411_094227;1;TUG2;0,0756;1,4820;0,1185;-0,1149;-0,4209;0,0632;-0,8976;;False
691,06;31.57;pa010​;20250411_094227;1;TUG2;0,0758;1,4813;0,1201;-0,1131;-0,4204;0,0642;-0,8980;;False
691,07;31.58;pa010​;20250411_094227;1;TUG2;0,0761;1,4802;0,1211;-0,1093;-0,4149;0,0645;-0,9010;;False
691,09;31.6;pa010​;20250411_094227;1;TUG2;0,0767;1,4796;0,1235;-0,1035;-0,4074;0,0622;-0,9052;;False
691,10;31.61;pa010​;20250411_094227;1;TUG2;0,0771;1,4808;0,1262;-0,0966;-0,3961;0,0539;-0,9115;;False
691,11;31.62;pa010​;20250411_094227;1;TUG2;0,0772;1,4820;0,1295;-0,0864;-0,3830;0,0471;-0,9185;;False
691,13;31.64;pa010​;20250411_094227;1;TUG2;0,0760;1,4817;0,1315;-0,0782;-0,3758;0,0483;-0,9221;;False
691,14;31.65;pa010​;20250411_094227;1;TUG2;0,0747;1,4819;0,1318;-0,0781;-0,3672;0,0503;-0,9255;;False
691,16;31.67;pa010​;20250411_094227;1;TUG2;0,0737;1,4815;0,1322;-0,0781;-0,3645;0,0549;-0,9263;;False
691,17;31.68;pa010​;20250411_094227;1;TUG2;0,0728;1,4823;0,1323;-0,0800;-0,3612;0,0573;-0,9273;;False
691,18;31.69;pa010​;20250411_094227;1;TUG2;0,0720;1,4825;0,1330;-0,0788;-0,3568;0,0570;-0,9291;;False
691,20;31.71;pa010​;20250411_094227;1;TUG2;0,0710;1,4830;0,1340;-0,0751;-0,3514;0,0569;-0,9315;;False
691,21;31.72;pa010​;20250411_094227;1;TUG2;0,0705;1,4831;0,1354;-0,0725;-0,3442;0,0567;-0,9344;;False
691,23;31.74;pa010​;20250411_094227;1;TUG2;0,0705;1,4828;0,1376;-0,0642;-0,3351;0,0533;-0,9385;;False
691,24;31.75;pa010​;20250411_094227;1;TUG2;0,0703;1,4833;0,1394;-0,0565;-0,3284;0,0514;-0,9414;;False
691,25;31.76;pa010​;20250411_094227;1;TUG2;0,0701;1,4840;0,1407;-0,0535;-0,3219;0,0498;-0,9440;;False
691,27;31.78;pa010​;20250411_094227;1;TUG2;0,0691;1,4838;0,1413;-0,0531;-0,3188;0,0478;-0,9451;;False
691,28;31.79;pa010​;20250411_094227;1;TUG2;0,0683;1,4835;0,1417;-0,0575;-0,3154;0,0476;-0,9460;;False
691,29;31.8;pa010​;20250411_094227;1;TUG2;0,0674;1,4829;0,1421;-0,0605;-0,3095;0,0485;-0,9477;;False
691,31;31.82;pa010​;20250411_094227;1;TUG2;0,0658;1,4833;0,1430;-0,0656;-0,3039;0,0482;-0,9492;;False
691,32;31.83;pa010​;20250411_094227;1;TUG2;0,0646;1,4830;0,1437;-0,0686;-0,2961;0,0492;-0,9514;;False
691,34;31.85;pa010​;20250411_094227;1;TUG2;0,0633;1,4833;0,1452;-0,0704;-0,2891;0,0511;-0,9533;;False
691,35;31.86;pa010​;20250411_094227;1;TUG2;0,0622;1,4837;0,1464;-0,0682;-0,2851;0,0532;-0,9546;;False
691,37;31.88;pa010​;20250411_094227;1;TUG2;0,0622;1,4837;0,1474;-0,0653;-0,2806;0,0549;-0,9560;;False
691,38;31.89;pa010​;20250411_094227;1;TUG2;0,0616;1,4838;0,1484;-0,0637;-0,2773;0,0551;-0,9571;;False
691,39;31.9;pa010​;20250411_094227;1;TUG2;0,0608;1,4840;0,1489;-0,0648;-0,2749;0,0549;-0,9577;;False
691,41;31.91;pa010​;20250411_094227;1;TUG2;0,0603;1,4836;0,1495;-0,0663;-0,2718;0,0537;-0,9586;;False
691,42;31.93;pa010​;20250411_094227;1;TUG2;0,0596;1,4837;0,1502;-0,0690;-0,2682;0,0535;-0,9594;;False
691,43;31.94;pa010​;20250411_094227;1;TUG2;0,0591;1,4834;0,1510;-0,0702;-0,2637;0,0522;-0,9606;;False
691,45;31.96;pa010​;20250411_094227;1;TUG2;0,0582;1,4835;0,1517;-0,0715;-0,2591;0,0518;-0,9618;;False
691,46;31.97;pa010​;20250411_094227;1;TUG2;0,0576;1,4835;0,1529;-0,0698;-0,2551;0,0519;-0,9630;;False
691,48;31.98;pa010​;20250411_094227;1;TUG2;0,0578;1,4836;0,1540;-0,0669;-0,2505;0,0511;-0,9645;;False
691,49;32.0;pa010​;20250411_094227;1;TUG2;0,0575;1,4836;0,1547;-0,0660;-0,2462;0,0517;-0,9656;;False
691,50;32.01;pa010​;20250411_094227;1;TUG2;0,0573;1,4834;0,1554;-0,0676;-0,2417;0,0515;-0,9666;;False
691,52;32.03;pa010​;20250411_094227;1;TUG2;0,0564;1,4834;0,1556;-0,0703;-0,2386;0,0521;-0,9672;;False
691,53;32.04;pa010​;20250411_094227;1;TUG2;0,0557;1,4834;0,1557;-0,0725;-0,2343;0,0525;-0,9680;;False
691,54;32.05;pa010​;20250411_094227;1;TUG2;0,0552;1,4832;0,1562;-0,0746;-0,2310;0,0536;-0,9686;;False
691,56;32.07;pa010​;20250411_094227;1;TUG2;0,0550;1,4833;0,1568;-0,0759;-0,2264;0,0540;-0,9696;;False
691,57;32.08;pa010​;20250411_094227;1;TUG2;0,0544;1,4830;0,1572;-0,0733;-0,2231;0,0535;-0,9706;;False
691,59;32.1;pa010​;20250411_094227;1;TUG2;0,0550;1,4835;0,1586;-0,0729;-0,2230;0,0547;-0,9705;;False
691,60;32.11;pa010​;20250411_094227;1;TUG2;0,0553;1,4838;0,1596;-0,0713;-0,2214;0,0552;-0,9710;;False
691,61;32.12;pa010​;20250411_094227;1;TUG2;0,0554;1,4834;0,1604;-0,0685;-0,2206;0,0548;-0,9714;;False
691,63;32.14;pa010​;20250411_094227;1;TUG2;0,0557;1,4831;0,1611;-0,0691;-0,2181;0,0539;-0,9720;;False
691,64;32.15;pa010​;20250411_094227;1;TUG2;0,0555;1,4832;0,1608;-0,0707;-0,2142;0,0538;-0,9727;;False
691,66;32.17;pa010​;20250411_094227;1;TUG2;0,0554;1,4831;0,1611;-0,0720;-0,2108;0,0537;-0,9734;;False
691,67;32.18;pa010​;20250411_094227;1;TUG2;0,0556;1,4832;0,1618;-0,0716;-0,2078;0,0532;-0,9741;;False
691,68;32.19;pa010​;20250411_094227;1;TUG2;0,0556;1,4833;0,1620;-0,0711;-0,2055;0,0534;-0,9746;;False
691,70;32.21;pa010​;20250411_094227;1;TUG2;0,0557;1,4834;0,1623;-0,0711;-0,2048;0,0536;-0,9747;;False
691,71;32.22;pa010​;20250411_094227;1;TUG2;0,0560;1,4835;0,1624;-0,0703;-0,2051;0,0537;-0,9747;;False
691,73;32.23;pa010​;20250411_094227;1;TUG2;0,0560;1,4836;0,1627;-0,0701;-0,2055;0,0537;-0,9747;;False
691,74;32.25;pa010​;20250411_094227;1;TUG2;0,0562;1,4839;0,1627;-0,0687;-0,2060;0,0541;-0,9746;;False
691,75;32.26;pa010​;20250411_094227;1;TUG2;0,0566;1,4846;0,1629;-0,0671;-0,2047;0,0545;-0,9750;;False
691,77;32.28;pa010​;20250411_094227;1;TUG2;0,0569;1,4854;0,1634;-0,0640;-0,2031;0,0549;-0,9755;;False
691,78;32.29;pa010​;20250411_094227;1;TUG2;0,0573;1,4866;0,1642;-0,0576;-0,1999;0,0535;-0,9767;;False
691,80;32.31;pa010​;20250411_094227;1;TUG2;0,0573;1,4878;0,1642;-0,0518;-0,1969;0,0528;-0,9776;;False
691,81;32.32;pa010​;20250411_094227;1;TUG2;0,0575;1,4889;0,1645;-0,0473;-0,1953;0,0522;-0,9782;;False
691,82;32.33;pa010​;20250411_094227;1;TUG2;0,0578;1,4900;0,1647;-0,0425;-0,1940;0,0518;-0,9787;;False
691,84;32.35;pa010​;20250411_094227;1;TUG2;0,0583;1,4904;0,1646;-0,0402;-0,1950;0,0500;-0,9787;;False
691,85;32.36;pa010​;20250411_094227;1;TUG2;0,0584;1,4912;0,1643;-0,0380;-0,1955;0,0488;-0,9788;;False
691,87;32.37;pa010​;20250411_094227;1;TUG2;0,0580;1,4911;0,1638;-0,0358;-0,1961;0,0486;-0,9787;;False
691,88;32.39;pa010​;20250411_094227;1;TUG2;0,0580;1,4915;0,1637;-0,0377;-0,1957;0,0502;-0,9787;;False
691,89;32.4;pa010​;20250411_094227;1;TUG2;0,0580;1,4915;0,1629;-0,0391;-0,1951;0,0506;-0,9787;;False
691,91;32.42;pa010​;20250411_094227;1;TUG2;0,0589;1,4917;0,1631;-0,0385;-0,1947;0,0491;-0,9789;;False
691,92;32.43;pa010​;20250411_094227;1;TUG2;0,0594;1,4921;0,1635;-0,0354;-0,1964;0,0468;-0,9788;;False
691,94;32.44;pa010​;20250411_094227;1;TUG2;0,0609;1,4922;0,1649;-0,0253;-0,1976;0,0433;-0,9790;;False
691,95;32.46;pa010​;20250411_094227;1;TUG2;0,0614;1,4924;0,1656;-0,0092;-0,2016;0,0383;-0,9787;;False
691,96;32.47;pa010​;20250411_094227;1;TUG2;0,0627;1,4932;0,1662;-0,0046;-0,1989;0,0367;-0,9793;;False
691,98;32.48;pa010​;20250411_094227;1;TUG2;0,0633;1,4940;0,1659;-0,0042;-0,1982;0,0321;-0,9796;;False
691,99;32.5;pa010​;20250411_094227;1;TUG2;0,0630;1,4929;0,1656;-0,0031;-0,1981;0,0323;-0,9796;;False
692,00;32.51;pa010​;20250411_094227;1;TUG2;0,0629;1,4922;0,1648;-0,0129;-0,1969;0,0356;-0,9797;;False
692,02;32.53;pa010​;20250411_094227;1;TUG2;0,0626;1,4916;0,1637;-0,0191;-0,1956;0,0378;-0,9798;;False
692,03;32.54;pa010​;20250411_094227;1;TUG2;0,0626;1,4908;0,1628;-0,0277;-0,1929;0,0406;-0,9800;;False
692,04;32.55;pa010​;20250411_094227;1;TUG2;0,0621;1,4901;0,1615;-0,0332;-0,1914;0,0423;-0,9800;;False
692,06;32.57;pa010​;20250411_094227;1;TUG2;0,0617;1,4893;0,1606;-0,0375;-0,1928;0,0448;-0,9795;;False
692,07;32.58;pa010​;20250411_094227;1;TUG2;0,0618;1,4896;0,1598;-0,0423;-0,1961;0,0477;-0,9785;;False
692,09;32.6;pa010​;20250411_094227;1;TUG2;0,0625;1,4892;0,1592;-0,0420;-0,1977;0,0484;-0,9782;;False
692,10;32.61;pa010​;20250411_094227;1;TUG2;0,0628;1,4892;0,1592;-0,0394;-0,2004;0,0486;-0,9777;;False
692,11;32.62;pa010​;20250411_094227;1;TUG2;0,0632;1,4889;0,1589;-0,0368;-0,2017;0,0481;-0,9776;;False
692,13;32.64;pa010​;20250411_094227;1;TUG2;0,0633;1,4884;0,1584;-0,0374;-0,2016;0,0485;-0,9776;;False
692,14;32.65;pa010​;20250411_094227;1;TUG2;0,0633;1,4879;0,1576;-0,0399;-0,2000;0,0482;-0,9778;;False
692,16;32.67;pa010​;20250411_094227;1;TUG2;0,0635;1,4876;0,1571;-0,0430;-0,1983;0,0481;-0,9780;;False
692,17;32.68;pa010​;20250411_094227;1;TUG2;0,0638;1,4872;0,1566;-0,0433;-0,1968;0,0474;-0,9783;;False
692,18;32.69;pa010​;20250411_094227;1;TUG2;0,0640;1,4869;0,1560;-0,0439;-0,1964;0,0482;-0,9784;;False
692,20;32.71;pa010​;20250411_094227;1;TUG2;0,0642;1,4866;0,1555;-0,0456;-0,1966;0,0497;-0,9782;;False
692,21;32.72;pa010​;20250411_094227;1;TUG2;0,0646;1,4865;0,1551;-0,0464;-0,1982;0,0516;-0,9777;;False
692,23;32.74;pa010​;20250411_094227;1;TUG2;0,0650;1,4862;0,1546;-0,0459;-0,1981;0,0515;-0,9778;;False
692,24;32.75;pa010​;20250411_094227;1;TUG2;0,0649;1,4861;0,1540;-0,0472;-0,1977;0,0506;-0,9778;;False
692,25;32.76;pa010​;20250411_094227;1;TUG2;0,0649;1,4853;0,1532;-0,0494;-0,1978;0,0509;-0,9777;;False
692,27;32.78;pa010​;20250411_094227;1;TUG2;0,0652;1,4851;0,1529;-0,0522;-0,1972;0,0509;-0,9776;;False
692,28;32.79;pa010​;20250411_094227;1;TUG2;0,0652;1,4853;0,1531;-0,0515;-0,1960;0,0510;-0,9779;;False
692,30;32.8;pa010​;20250411_094227;1;TUG2;0,0655;1,4853;0,1531;-0,0492;-0,1938;0,0511;-0,9785;;False
692,31;32.82;pa010​;20250411_094227;1;TUG2;0,0655;1,4851;0,1527;-0,0489;-0,1923;0,0516;-0,9788;;False
692,32;32.83;pa010​;20250411_094227;1;TUG2;0,0656;1,4852;0,1526;-0,0481;-0,1915;0,0520;-0,9789;;False
692,34;32.85;pa010​;20250411_094227;1;TUG2;0,0659;1,4853;0,1524;-0,0482;-0,1911;0,0515;-0,9790;;False
692,35;32.86;pa010​;20250411_094227;1;TUG2;0,0663;1,4853;0,1516;-0,0489;-0,1912;0,0515;-0,9790;;False
692,37;32.87;pa010​;20250411_094227;1;TUG2;0,0667;1,4851;0,1510;-0,0497;-0,1922;0,0499;-0,9788;;False
692,38;32.89;pa010​;20250411_094227;1;TUG2;0,0668;1,4852;0,1502;-0,0507;-0,1933;0,0482;-0,9786;;False
692,39;32.9;pa010​;20250411_094227;1;TUG2;0,0669;1,4853;0,1499;-0,0511;-0,1950;0,0474;-0,9783;;False
692,41;32.92;pa010​;20250411_094227;1;TUG2;0,0671;1,4856;0,1496;-0,0498;-0,1956;0,0467;-0,9783;;False
692,42;32.93;pa010​;20250411_094227;1;TUG2;0,0672;1,4858;0,1492;-0,0491;-0,1960;0,0465;-0,9783;;False
692,43;32.94;pa010​;20250411_094227;1;TUG2;0,0674;1,4862;0,1488;-0,0488;-0,1957;0,0465;-0,9783;;False
692,45;32.96;pa010​;20250411_094227;1;TUG2;0,0674;1,4867;0,1482;-0,0484;-0,1951;0,0461;-0,9785;;False
692,46;32.97;pa010​;20250411_094227;1;TUG2;0,0674;1,4875;0,1476;-0,0484;-0,1935;0,0457;-0,9788;;False
692,48;32.98;pa010​;20250411_094227;1;TUG2;0,0673;1,4885;0,1469;-0,0493;-0,1920;0,0458;-0,9791;;False
692,49;33.0;pa010​;20250411_094227;1;TUG2;0,0674;1,4896;0,1464;-0,0491;-0,1908;0,0455;-0,9794;;False
692,50;33.01;pa010​;20250411_094227;1;TUG2;0,0669;1,4904;0,1460;-0,0467;-0,1916;0,0480;-0,9792;;False
692,52;33.03;pa010​;20250411_094227;1;TUG2;0,0669;1,4909;0,1459;-0,0400;-0,1905;0,0489;-0,9796;;False
692,53;33.04;pa010​;20250411_094227;1;TUG2;0,0669;1,4914;0,1457;-0,0349;-0,1899;0,0471;-0,9800;;False
692,54;33.05;pa010​;20250411_094227;1;TUG2;0,0671;1,4920;0,1451;-0,0335;-0,1889;0,0459;-0,9804;;False
692,56;33.07;pa010​;20250411_094227;1;TUG2;0,0672;1,4921;0,1449;-0,0339;-0,1877;0,0448;-0,9806;;False
692,57;33.08;pa010​;20250411_094227;1;TUG2;0,0667;1,4918;0,1447;-0,0340;-0,1878;0,0454;-0,9806;;False
692,59;33.1;pa010​;20250411_094227;1;TUG2;0,0667;1,4916;0,1446;-0,0364;-0,1859;0,0472;-0,9808;;False
692,60;33.11;pa010​;20250411_094227;1;TUG2;0,0666;1,4918;0,1442;-0,0395;-0,1840;0,0479;-0,9810;;False
692,62;33.12;pa010​;20250411_094227;1;TUG2;0,0665;1,4914;0,1442;-0,0428;-0,1824;0,0481;-0,9811;;False
692,63;33.14;pa010​;20250411_094227;1;TUG2;0,0663;1,4910;0,1443;-0,0450;-0,1811;0,0491;-0,9812;;False
692,64;33.15;pa010​;20250411_094227;1;TUG2;0,0661;1,4906;0,1443;-0,0472;-0,1796;0,0499;-0,9813;;False
692,66;33.17;pa010​;20250411_094227;1;TUG2;0,0656;1,4907;0,1440;-0,0502;-0,1792;0,0509;-0,9812;;False
692,67;33.18;pa010​;20250411_094227;1;TUG2;0,0654;1,4907;0,1437;-0,0532;-0,1791;0,0513;-0,9811;;False
692,68;33.19;pa010​;20250411_094227;1;TUG2;0,0653;1,4910;0,1434;-0,0553;-0,1789;0,0512;-0,9810;;False
692,70;33.21;pa010​;20250411_094227;1;TUG2;0,0652;1,4907;0,1435;-0,0491;-0,1769;0,0484;-0,9818;;False
692,71;33.22;pa010​;20250411_094227;1;TUG2;0,0652;1,4913;0,1439;-0,0432;-0,1761;0,0466;-0,9823;;False
692,73;33.23;pa010​;20250411_094227;1;TUG2;0,0651;1,4923;0,1438;-0,0419;-0,1749;0,0455;-0,9826;;False
692,74;33.25;pa010​;20250411_094227;1;TUG2;0,0648;1,4925;0,1435;-0,0413;-0,1734;0,0448;-0,9830;;False
692,75;33.26;pa010​;20250411_094227;1;TUG2;0,0643;1,4932;0,1433;-0,0400;-0,1713;0,0439;-0,9834;;False
692,77;33.28;pa010​;20250411_094227;1;TUG2;0,0639;1,4938;0,1429;-0,0385;-0,1692;0,0438;-0,9838;;False
692,78;33.29;pa010​;20250411_094227;1;TUG2;0,0634;1,4945;0,1427;-0,0379;-0,1667;0,0433;-0,9843;;False
692,80;33.31;pa010​;20250411_094227;1;TUG2;0,0629;1,4951;0,1428;-0,0355;-0,1650;0,0430;-0,9847;;False
692,81;33.32;pa010​;20250411_094227;1;TUG2;0,0623;1,4958;0,1427;-0,0327;-0,1632;0,0435;-0,9851;;False
692,82;33.33;pa010​;20250411_094227;1;TUG2;0,0619;1,4963;0,1425;-0,0304;-0,1610;0,0435;-0,9855;;False
692,84;33.35;pa010​;20250411_094227;1;TUG2;0,0614;1,4967;0,1422;-0,0285;-0,1583;0,0435;-0,9860;;False
692,85;33.36;pa010​;20250411_094227;1;TUG2;0,0608;1,4974;0,1419;-0,0281;-0,1557;0,0436;-0,9864;;False
692,86;33.37;pa010​;20250411_094227;1;TUG2;0,0603;1,4977;0,1417;-0,0272;-0,1533;0,0433;-0,9869;;False
692,88;33.39;pa010​;20250411_094227;1;TUG2;0,0599;1,4980;0,1412;-0,0264;-0,1512;0,0434;-0,9872;;False
692,89;33.4;pa010​;20250411_094227;1;TUG2;0,0596;1,4984;0,1409;-0,0265;-0,1491;0,0427;-0,9875;;False
692,91;33.42;pa010​;20250411_094227;1;TUG2;0,0591;1,4988;0,1407;-0,0262;-0,1481;0,0421;-0,9877;;False
692,92;33.43;pa010​;20250411_094227;1;TUG2;0,0589;1,4988;0,1404;-0,0253;-0,1453;0,0415;-0,9882;;False
692,93;33.44;pa010​;20250411_094227;1;TUG2;0,0584;1,4992;0,1402;-0,0243;-0,1440;0,0418;-0,9884;;False
692,95;33.46;pa010​;20250411_094227;1;TUG2;0,0582;1,4994;0,1401;-0,0225;-0,1422;0,0417;-0,9887;;False
692,96;33.47;pa010​;20250411_094227;1;TUG2;0,0578;1,4997;0,1398;-0,0222;-0,1404;0,0420;-0,9890;;False
692,98;33.49;pa010​;20250411_094227;1;TUG2;0,0574;1,5000;0,1395;-0,0217;-0,1392;0,0423;-0,9891;;False
692,99;33.5;pa010​;20250411_094227;1;TUG2;0,0570;1,5001;0,1391;-0,0213;-0,1371;0,0424;-0,9894;;False
693,00;33.51;pa010​;20250411_094227;1;TUG2;0,0567;1,5005;0,1389;-0,0209;-0,1346;0,0422;-0,9898;;False
693,02;33.53;pa010​;20250411_094227;1;TUG2;0,0566;1,5006;0,1392;-0,0169;-0,1311;0,0420;-0,9903;;False
693,03;33.54;pa010​;20250411_094227;1;TUG2;0,0560;1,5011;0,1398;-0,0102;-0,1250;0,0405;-0,9913;;False
693,04;33.55;pa010​;20250411_094227;1;TUG2;0,0552;1,5022;0,1407;-0,0027;-0,1208;0,0400;-0,9919;;False
693,06;33.57;pa010​;20250411_094227;1;TUG2;0,0545;1,5027;0,1413;0,0039;-0,1167;0,0417;-0,9923;;False
693,07;33.58;pa010​;20250411_094227;1;TUG2;0,0538;1,5028;0,1410;0,0040;-0,1124;0,0420;-0,9928;;False
693,09;33.6;pa010​;20250411_094227;1;TUG2;0,0532;1,5027;0,1402;0,0011;-0,1073;0,0434;-0,9933;;False
693,10;33.61;pa010​;20250411_094227;1;TUG2;0,0519;1,5022;0,1402;-0,0010;-0,1054;0,0454;-0,9934;;False
693,11;33.62;pa010​;20250411_094227;1;TUG2;0,0517;1,5025;0,1398;-0,0023;-0,1010;0,0457;-0,9938;;False
693,13;33.64;pa010​;20250411_094227;1;TUG2;0,0515;1,5018;0,1398;-0,0014;-0,0982;0,0456;-0,9941;;False
693,14;33.65;pa010​;20250411_094227;1;TUG2;0,0511;1,5015;0,1398;-0,0010;-0,0954;0,0457;-0,9944;;False
693,16;33.66;pa010​;20250411_094227;1;TUG2;0,0509;1,5014;0,1407;0,0026;-0,0917;0,0451;-0,9948;;False
693,17;33.68;pa010​;20250411_094227;1;TUG2;0,0510;1,5016;0,1412;0,0077;-0,0908;0,0460;-0,9948;;False
693,18;33.69;pa010​;20250411_094227;1;TUG2;0,0513;1,5015;0,1415;0,0098;-0,0893;0,0462;-0,9949;;False
693,20;33.71;pa010​;20250411_094227;1;TUG2;0,0513;1,5016;0,1409;0,0106;-0,0867;0,0452;-0,9952;;False
693,21;33.72;pa010​;20250411_094227;1;TUG2;0,0509;1,5007;0,1411;0,0089;-0,0874;0,0465;-0,9950;;False
693,23;33.73;pa010​;20250411_094227;1;TUG2;0,0503;1,4991;0,1392;0,0012;-0,0863;0,0471;-0,9952;;False
693,24;33.75;pa010​;20250411_094227;1;TUG2;0,0502;1,4974;0,1378;-0,0108;-0,0834;0,0465;-0,9954;;False
693,25;33.76;pa010​;20250411_094227;1;TUG2;0,0496;1,4959;0,1366;-0,0202;-0,0816;0,0482;-0,9953;;False
693,27;33.78;pa010​;20250411_094227;1;TUG2;0,0490;1,4944;0,1359;-0,0316;-0,0793;0,0500;-0,9951;;False
693,28;33.79;pa010​;20250411_094227;1;TUG2;0,0482;1,4935;0,1352;-0,0415;-0,0785;0,0523;-0,9947;;False
693,30;33.8;pa010​;20250411_094227;1;TUG2;0,0483;1,4931;0,1357;-0,0402;-0,0783;0,0538;-0,9947;;False
693,31;33.82;pa010​;20250411_094227;1;TUG2;0,0481;1,4935;0,1363;-0,0365;-0,0767;0,0548;-0,9949;;False
693,32;33.83;pa010​;20250411_094227;1;TUG2;0,0477;1,4934;0,1368;-0,0328;-0,0734;0,0551;-0,9952;;False
693,34;33.85;pa010​;20250411_094227;1;TUG2;0,0473;1,4927;0,1367;-0,0317;-0,0697;0,0554;-0,9955;;False
693,35;33.86;pa010​;20250411_094227;1;TUG2;0,0471;1,4921;0,1363;-0,0333;-0,0656;0,0561;-0,9957;;False
693,37;33.87;pa010​;20250411_094227;1;TUG2;0,0471;1,4914;0,1357;-0,0378;-0,0632;0,0550;-0,9958;;False
693,38;33.89;pa010​;20250411_094227;1;TUG2;0,0469;1,4907;0,1352;-0,0420;-0,0616;0,0529;-0,9958;;False
693,39;33.9;pa010​;20250411_094227;1;TUG2;0,0472;1,4903;0,1351;-0,0456;-0,0600;0,0528;-0,9958;;False
693,41;33.92;pa010​;20250411_094227;1;TUG2;0,0472;1,4902;0,1351;-0,0464;-0,0601;0,0525;-0,9957;;False
693,42;33.93;pa010​;20250411_094227;1;TUG2;0,0475;1,4899;0,1347;-0,0470;-0,0602;0,0526;-0,9957;;False
693,43;33.94;pa010​;20250411_094227;1;TUG2;0,0477;1,4894;0,1342;-0,0493;-0,0604;0,0519;-0,9956;;False
693,45;33.96;pa010​;20250411_094227;1;TUG2;0,0480;1,4889;0,1337;-0,0531;-0,0603;0,0527;-0,9954;;False
693,46;33.97;pa010​;20250411_094227;1;TUG2;0,0483;1,4883;0,1332;-0,0573;-0,0597;0,0525;-0,9952;;False
693,48;33.98;pa010​;20250411_094227;1;TUG2;0,0484;1,4880;0,1325;-0,0628;-0,0594;0,0523;-0,9949;;False
693,49;34.0;pa010​;20250411_094227;1;TUG2;0,0486;1,4875;0,1318;-0,0688;-0,0584;0,0524;-0,9945;;False
693,50;34.01;pa010​;20250411_094227;1;TUG2;0,0487;1,4873;0,1309;-0,0747;-0,0563;0,0511;-0,9943;;False
693,52;34.03;pa010​;20250411_094227;1;TUG2;0,0486;1,4873;0,1303;-0,0790;-0,0533;0,0501;-0,9942;;False
693,53;34.04;pa010​;20250411_094227;1;TUG2;0,0484;1,4875;0,1297;-0,0818;-0,0510;0,0505;-0,9941;;False
693,55;34.05;pa010​;20250411_094227;1;TUG2;0,0481;1,4874;0,1287;-0,0853;-0,0509;0,0504;-0,9938;;False
693,56;34.07;pa010​;20250411_094227;1;TUG2;0,0487;1,4877;0,1278;-0,0918;-0,0486;0,0518;-0,9932;;False
693,57;34.08;pa010​;20250411_094227;1;TUG2;0,0479;1,4874;0,1265;-0,0949;-0,0497;0,0518;-0,9929;;False
693,59;34.1;pa010​;20250411_094227;1;TUG2;0,0478;1,4872;0,1256;-0,0960;-0,0481;0,0520;-0,9929;;False
693,60;34.11;pa010​;20250411_094227;1;TUG2;0,0467;1,4881;0,1243;-0,0963;-0,0517;0,0473;-0,9929;;False
693,62;34.12;pa010​;20250411_094227;1;TUG2;0,0479;1,4879;0,1242;-0,0967;-0,0499;0,0502;-0,9928;;False
693,63;34.14;pa010​;20250411_094227;1;TUG2;0,0482;1,4895;0,1222;-0,1043;-0,0529;0,0478;-0,9920;;False
693,64;34.15;pa010​;20250411_094227;1;TUG2;0,0485;1,4886;0,1214;-0,1037;-0,0540;0,0471;-0,9920;;False
693,66;34.17;pa010​;20250411_094227;1;TUG2;0,0490;1,4891;0,1204;-0,1020;-0,0540;0,0452;-0,9923;;False
693,67;34.18;pa010​;20250411_094227;1;TUG2;0,0486;1,4900;0,1193;-0,1014;-0,0547;0,0442;-0,9924;;False
693,68;34.19;pa010​;20250411_094227;1;TUG2;0,0485;1,4903;0,1187;-0,1000;-0,0539;0,0462;-0,9924;;False
693,70;34.21;pa010​;20250411_094227;1;TUG2;0,0484;1,4902;0,1179;-0,0963;-0,0522;0,0459;-0,9929;;False
693,71;34.22;pa010​;20250411_094227;1;TUG2;0,0479;1,4906;0,1169;-0,0970;-0,0503;0,0465;-0,9929;;False
693,73;34.23;pa010​;20250411_094227;1;TUG2;0,0475;1,4905;0,1162;-0,0973;-0,0477;0,0473;-0,9930;;False
693,74;34.25;pa010​;20250411_094227;1;TUG2;0,0460;1,4898;0,1149;-0,0994;-0,0467;0,0513;-0,9926;;False
693,75;34.26;pa010​;20250411_094227;1;TUG2;0,0468;1,4894;0,1141;-0,1044;-0,0433;0,0460;-0,9925;;False
693,77;34.28;pa010​;20250411_094227;1;TUG2;0,0461;1,4890;0,1135;-0,1071;-0,0425;0,0485;-0,9922;;False
693,78;34.29;pa010​;20250411_094227;1;TUG2;0,0459;1,4882;0,1127;-0,1101;-0,0426;0,0489;-0,9918;;False
693,79;34.3;pa010​;20250411_094227;1;TUG2;0,0461;1,4874;0,1121;-0,1141;-0,0432;0,0476;-0,9914;;False
693,81;34.32;pa010​;20250411_094227;1;TUG2;0,0463;1,4871;0,1123;-0,1155;-0,0451;0,0465;-0,9912;;False
693,82;34.33;pa010​;20250411_094227;1;TUG2;0,0461;1,4866;0,1118;-0,1156;-0,0461;0,0468;-0,9911;;False
693,84;34.35;pa010​;20250411_094227;1;TUG2;0,0460;1,4858;0,1110;-0,1178;-0,0464;0,0469;-0,9908;;False
693,85;34.36;pa010​;20250411_094227;1;TUG2;0,0456;1,4852;0,1101;-0,1219;-0,0465;0,0472;-0,9903;;False
693,87;34.37;pa010​;20250411_094227;1;TUG2;0,0454;1,4850;0,1095;-0,1244;-0,0454;0,0484;-0,9900;;False
693,88;34.39;pa010​;20250411_094227;1;TUG2;0,0452;1,4851;0,1092;-0,1248;-0,0446;0,0476;-0,9900;;False
693,89;34.4;pa010​;20250411_094227;1;TUG2;0,0448;1,4848;0,1086;-0,1233;-0,0444;0,0468;-0,9903;;False
693,91;34.42;pa010​;20250411_094227;1;TUG2;0,0446;1,4845;0,1079;-0,1259;-0,0443;0,0472;-0,9899;;False
693,92;34.43;pa010​;20250411_094227;1;TUG2;0,0442;1,4842;0,1071;-0,1299;-0,0444;0,0462;-0,9895;;False
693,93;34.44;pa010​;20250411_094227;1;TUG2;0,0439;1,4842;0,1067;-0,1330;-0,0460;0,0474;-0,9889;;False
693,95;34.46;pa010​;20250411_094227;1;TUG2;0,0438;1,4843;0,1063;-0,1364;-0,0446;0,0483;-0,9885;;False
693,96;34.47;pa010​;20250411_094227;1;TUG2;0,0435;1,4842;0,1063;-0,1373;-0,0451;0,0503;-0,9882;;False
693,98;34.48;pa010​;20250411_094227;1;TUG2;0,0435;1,4841;0,1056;-0,1385;-0,0448;0,0513;-0,9880;;False
693,99;34.5;pa010​;20250411_094227;1;TUG2;0,0433;1,4839;0,1051;-0,1398;-0,0457;0,0531;-0,9877;;False
694,00;34.51;pa010​;20250411_094227;1;TUG2;0,0433;1,4837;0,1046;-0,1406;-0,0461;0,0540;-0,9875;;False
694,02;34.53;pa010​;20250411_094227;1;TUG2;0,0433;1,4837;0,1043;-0,1413;-0,0471;0,0562;-0,9872;;False
694,03;34.54;pa010​;20250411_094227;1;TUG2;0,0435;1,4837;0,1044;-0,1404;-0,0482;0,0560;-0,9873;;False
694,04;34.55;pa010​;20250411_094227;1;TUG2;0,0435;1,4838;0,1043;-0,1376;-0,0488;0,0547;-0,9878;;False
694,06;34.57;pa010​;20250411_094227;1;TUG2;0,0434;1,4836;0,1039;-0,1360;-0,0505;0,0542;-0,9879;;False
694,07;34.58;pa010​;20250411_094227;1;TUG2;0,0435;1,4836;0,1038;-0,1360;-0,0526;0,0527;-0,9879;;False
694,09;34.6;pa010​;20250411_094227;1;TUG2;0,0436;1,4836;0,1035;-0,1359;-0,0532;0,0517;-0,9879;;False
694,10;34.61;pa010​;20250411_094227;1;TUG2;0,0436;1,4835;0,1032;-0,1355;-0,0543;0,0514;-0,9880;;False
694,11;34.62;pa010​;20250411_094227;1;TUG2;0,0435;1,4836;0,1030;-0,1347;-0,0548;0,0511;-0,9880;;False
694,13;34.64;pa010​;20250411_094227;1;TUG2;0,0434;1,4836;0,1028;-0,1336;-0,0554;0,0513;-0,9882;;False
694,14;34.65;pa010​;20250411_094227;1;TUG2;0,0434;1,4837;0,1025;-0,1325;-0,0562;0,0513;-0,9883;;False
694,16;34.67;pa010​;20250411_094227;1;TUG2;0,0435;1,4839;0,1022;-0,1309;-0,0574;0,0509;-0,9884;;False
694,17;34.68;pa010​;20250411_094227;1;TUG2;0,0436;1,4840;0,1018;-0,1291;-0,0589;0,0508;-0,9886;;False
694,18;34.69;pa010​;20250411_094227;1;TUG2;0,0437;1,4842;0,1015;-0,1281;-0,0604;0,0501;-0,9887;;False
694,20;34.71;pa010​;20250411_094227;1;TUG2;0,0437;1,4842;0,1010;-0,1276;-0,0626;0,0512;-0,9885;;False
694,21;34.72;pa010​;20250411_094227;1;TUG2;0,0436;1,4847;0,1007;-0,1271;-0,0633;0,0511;-0,9886;;False
694,23;34.73;pa010​;20250411_094227;1;TUG2;0,0435;1,4851;0,1005;-0,1250;-0,0642;0,0507;-0,9888;;False
694,24;34.75;pa010​;20250411_094227;1;TUG2;0,0435;1,4857;0,1003;-0,1223;-0,0652;0,0495;-0,9891;;False
694,25;34.76;pa010​;20250411_094227;1;TUG2;0,0434;1,4866;0,1000;-0,1185;-0,0662;0,0488;-0,9895;;False
694,27;34.78;pa010​;20250411_094227;1;TUG2;0,0434;1,4876;0,0997;-0,1143;-0,0670;0,0482;-0,9900;;False
694,28;34.79;pa010​;20250411_094227;1;TUG2;0,0434;1,4885;0,0995;-0,1100;-0,0677;0,0474;-0,9905;;False
694,30;34.81;pa010​;20250411_094227;1;TUG2;0,0435;1,4897;0,0993;-0,1057;-0,0687;0,0469;-0,9909;;False
694,31;34.82;pa010​;20250411_094227;1;TUG2;0,0436;1,4907;0,0994;-0,1005;-0,0698;0,0465;-0,9914;;False
694,32;34.83;pa010​;20250411_094227;1;TUG2;0,0436;1,4917;0,0997;-0,0953;-0,0711;0,0460;-0,9918;;False
694,34;34.85;pa010​;20250411_094227;1;TUG2;0,0436;1,4925;0,0999;-0,0914;-0,0723;0,0448;-0,9922;;False
694,35;34.86;pa010​;20250411_094227;1;TUG2;0,0436;1,4930;0,1001;-0,0892;-0,0740;0,0444;-0,9923;;False
694,37;34.87;pa010​;20250411_094227;1;TUG2;0,0436;1,4934;0,1005;-0,0876;-0,0750;0,0438;-0,9924;;False
694,38;34.89;pa010​;20250411_094227;1;TUG2;0,0435;1,4938;0,1013;-0,0864;-0,0763;0,0428;-0,9924;;False
694,39;34.9;pa010​;20250411_094227;1;TUG2;0,0435;1,4940;0,1022;-0,0855;-0,0772;0,0414;-0,9925;;False
694,41;34.92;pa010​;20250411_094227;1;TUG2;0,0434;1,4942;0,1032;-0,0849;-0,0781;0,0397;-0,9925;;False
694,42;34.93;pa010​;20250411_094227;1;TUG2;0,0434;1,4942;0,1044;-0,0844;-0,0795;0,0382;-0,9925;;False
694,43;34.94;pa010​;20250411_094227;1;TUG2;0,0435;1,4942;0,1057;-0,0836;-0,0809;0,0363;-0,9926;;False
694,45;34.96;pa010​;20250411_094227;1;TUG2;0,0435;1,4942;0,1070;-0,0832;-0,0817;0,0340;-0,9926;;False
694,46;34.97;pa010​;20250411_094227;1;TUG2;0,0435;1,4942;0,1083;-0,0833;-0,0823;0,0319;-0,9926;;False
694,48;34.99;pa010​;20250411_094227;1;TUG2;0,0436;1,4944;0,1097;-0,0835;-0,0829;0,0308;-0,9926;;False
694,49;35.0;pa010​;20250411_094227;1;TUG2;0,0439;1,4948;0,1112;-0,0825;-0,0838;0,0303;-0,9926;;False
694,50;35.01;pa010​;20250411_094227;1;TUG2;0,0444;1,4956;0,1129;-0,0797;-0,0854;0,0298;-0,9927;;False
694,52;35.03;pa010​;20250411_094227;1;TUG2;0,0450;1,4964;0,1145;-0,0745;-0,0880;0,0292;-0,9929;;False
694,53;35.04;pa010​;20250411_094227;1;TUG2;0,0459;1,4976;0,1158;-0,0697;-0,0914;0,0286;-0,9930;;False
694,55;35.05;pa010​;20250411_094227;1;TUG2;0,0467;1,4985;0,1170;-0,0656;-0,0949;0,0274;-0,9929;;False
694,56;35.07;pa010​;20250411_094227;1;TUG2;0,0476;1,4995;0,1181;-0,0618;-0,0980;0,0265;-0,9929;;False
694,57;35.08;pa010​;20250411_094227;1;TUG2;0,0486;1,5004;0,1194;-0,0572;-0,1011;0,0263;-0,9929;;False
694,59;35.1;pa010​;20250411_094227;1;TUG2;0,0497;1,5015;0,1206;-0,0528;-0,1040;0,0272;-0,9928;;False
694,60;35.11;pa010​;20250411_094227;1;TUG2;0,0508;1,5024;0,1219;-0,0483;-0,1067;0,0284;-0,9927;;False
694,62;35.12;pa010​;20250411_094227;1;TUG2;0,0518;1,5034;0,1232;-0,0411;-0,1092;0,0298;-0,9927;;False
694,63;35.14;pa010​;20250411_094227;1;TUG2;0,0527;1,5044;0,1245;-0,0350;-0,1119;0,0327;-0,9926;;False
694,64;35.15;pa010​;20250411_094227;1;TUG2;0,0535;1,5051;0,1256;-0,0287;-0,1134;0,0351;-0,9925;;False
694,66;35.17;pa010​;20250411_094227;1;TUG2;0,0543;1,5059;0,1267;-0,0228;-0,1155;0,0360;-0,9924;;False
694,67;35.18;pa010​;20250411_094227;1;TUG2;0,0554;1,5065;0,1276;-0,0171;-0,1183;0,0361;-0,9922;;False
694,68;35.19;pa010​;20250411_094227;1;TUG2;0,0567;1,5071;0,1282;-0,0130;-0,1231;0,0360;-0,9917;;False
694,70;35.21;pa010​;20250411_094227;1;TUG2;0,0581;1,5072;0,1283;-0,0104;-0,1290;0,0351;-0,9910;;False
694,71;35.22;pa010​;20250411_094227;1;TUG2;0,0595;1,5070;0,1284;-0,0091;-0,1351;0,0341;-0,9902;;False
694,73;35.23;pa010​;20250411_094227;1;TUG2;0,0606;1,5069;0,1282;-0,0100;-0,1426;0,0333;-0,9892;;False
694,74;35.25;pa010​;20250411_094227;1;TUG2;0,0619;1,5068;0,1280;-0,0110;-0,1502;0,0327;-0,9880;;False
694,75;35.26;pa010​;20250411_094227;1;TUG2;0,0634;1,5068;0,1277;-0,0104;-0,1579;0,0320;-0,9869;;False
694,77;35.28;pa010​;20250411_094227;1;TUG2;0,0651;1,5070;0,1272;-0,0099;-0,1674;0,0302;-0,9854;;False
694,78;35.29;pa010​;20250411_094227;1;TUG2;0,0672;1,5075;0,1267;-0,0079;-0,1791;0,0277;-0,9834;;False
694,79;35.3;pa010​;20250411_094227;1;TUG2;0,0694;1,5077;0,1259;-0,0058;-0,1924;0,0244;-0,9810;;False
694,81;35.32;pa010​;20250411_094227;1;TUG2;0,0718;1,5079;0,1247;-0,0055;-0,2069;0,0202;-0,9781;;False
694,82;35.33;pa010​;20250411_094227;1;TUG2;0,0744;1,5081;0,1233;-0,0058;-0,2236;0,0154;-0,9745;;False
694,84;35.35;pa010​;20250411_094227;1;TUG2;0,0772;1,5084;0,1220;-0,0058;-0,2402;0,0120;-0,9706;;False
694,85;35.36;pa010​;20250411_094227;1;TUG2;0,0802;1,5086;0,1207;-0,0061;-0,2571;0,0086;-0,9663;;False
694,86;35.37;pa010​;20250411_094227;1;TUG2;0,0832;1,5086;0,1194;-0,0060;-0,2736;0,0063;-0,9618;;False
694,88;35.39;pa010​;20250411_094227;1;TUG2;0,0864;1,5089;0,1182;-0,0063;-0,2893;0,0054;-0,9572;;False
694,89;35.4;pa010​;20250411_094227;1;TUG2;0,0896;1,5093;0,1172;-0,0050;-0,3045;0,0054;-0,9525;;False
694,91;35.41;pa010​;20250411_094227;1;TUG2;0,0925;1,5096;0,1163;-0,0033;-0,3181;0,0055;-0,9480;;False
694,92;35.43;pa010​;20250411_094227;1;TUG2;0,0953;1,5098;0,1157;-0,0022;-0,3303;0,0064;-0,9438;;False
694,95;35.46;pa010​;20250411_094227;1;TUG2;0,1005;1,5099;0,1143;-0,0022;-0,3538;0,0083;-0,9353;;False
694,96;35.47;pa010​;20250411_094227;1;TUG2;0,1027;1,5098;0,1139;-0,0022;-0,3647;0,0091;-0,9311;;False
694,98;35.48;pa010​;20250411_094227;1;TUG2;0,1047;1,5097;0,1138;-0,0014;-0,3738;0,0101;-0,9275;;False
694,99;35.5;pa010​;20250411_094227;1;TUG2;0,1063;1,5099;0,1141;0,0000;-0,3806;0,0113;-0,9247;;False
695,00;35.51;pa010​;20250411_094227;1;TUG2;0,1075;1,5099;0,1146;0,0014;-0,3851;0,0124;-0,9228;;False
695,02;35.53;pa010​;20250411_094227;1;TUG2;0,1086;1,5099;0,1152;0,0037;-0,3871;0,0145;-0,9219;;False
695,03;35.54;pa010​;20250411_094227;1;TUG2;0,1093;1,5099;0,1161;0,0050;-0,3872;0,0166;-0,9219;;False
695,04;35.55;pa010​;20250411_094227;1;TUG2;0,1098;1,5098;0,1174;0,0063;-0,3856;0,0181;-0,9225;;False
695,06;35.57;pa010​;20250411_094227;1;TUG2;0,1101;1,5096;0,1191;0,0070;-0,3824;0,0201;-0,9238;;False
695,07;35.58;pa010​;20250411_094227;1;TUG2;0,1104;1,5092;0,1209;0,0067;-0,3785;0,0223;-0,9253;;False
695,09;35.6;pa010​;20250411_094227;1;TUG2;0,1105;1,5087;0,1231;0,0055;-0,3742;0,0243;-0,9270;;False
695,10;35.61;pa010​;20250411_094227;1;TUG2;0,1108;1,5080;0,1253;0,0035;-0,3696;0,0259;-0,9288;;False
695,11;35.62;pa010​;20250411_094227;1;TUG2;0,1109;1,5073;0,1273;-0,0002;-0,3654;0,0272;-0,9305;;False
695,13;35.64;pa010​;20250411_094227;1;TUG2;0,1112;1,5063;0,1295;-0,0042;-0,3605;0,0278;-0,9323;;False
695,14;35.65;pa010​;20250411_094227;1;TUG2;0,1115;1,5053;0,1316;-0,0089;-0,3556;0,0285;-0,9342;;False
695,16;35.67;pa010​;20250411_094227;1;TUG2;0,1118;1,5044;0,1335;-0,0132;-0,3507;0,0291;-0,9359;;False
695,17;35.68;pa010​;20250411_094227;1;TUG2;0,1122;1,5038;0,1353;-0,0159;-0,3466;0,0302;-0,9374;;False
695,18;35.69;pa010​;20250411_094227;1;TUG2;0,1128;1,5030;0,1370;-0,0179;-0,3426;0,0316;-0,9388;;False
695,20;35.71;pa010​;20250411_094227;1;TUG2;0,1133;1,5024;0,1384;-0,0205;-0,3389;0,0332;-0,9400;;False
695,21;35.72;pa010​;20250411_094227;1;TUG2;0,1137;1,5018;0,1397;-0,0231;-0,3355;0,0350;-0,9411;;False
695,23;35.73;pa010​;20250411_094227;1;TUG2;0,1139;1,5014;0,1410;-0,0257;-0,3328;0,0372;-0,9419;;False
695,24;35.75;pa010​;20250411_094227;1;TUG2;0,1140;1,5010;0,1420;-0,0272;-0,3305;0,0390;-0,9426;;False
695,25;35.76;pa010​;20250411_094227;1;TUG2;0,1144;1,5008;0,1429;-0,0290;-0,3280;0,0406;-0,9434;;False
695,27;35.78;pa010​;20250411_094227;1;TUG2;0,1147;1,5007;0,1437;-0,0308;-0,3263;0,0411;-0,9439;;False
695,28;35.79;pa010​;20250411_094227;1;TUG2;0,1147;1,5005;0,1444;-0,0318;-0,3251;0,0411;-0,9443;;False
695,29;35.8;pa010​;20250411_094227;1;TUG2;0,1148;1,5003;0,1450;-0,0336;-0,3240;0,0409;-0,9446;;False
695,31;35.82;pa010​;20250411_094227;1;TUG2;0,1148;1,5002;0,1458;-0,0351;-0,3231;0,0404;-0,9449;;False
695,32;35.83;pa010​;20250411_094227;1;TUG2;0,1148;1,5000;0,1468;-0,0360;-0,3218;0,0402;-0,9453;;False
695,34;35.85;pa010​;20250411_094227;1;TUG2;0,1145;1,4998;0,1476;-0,0370;-0,3198;0,0402;-0,9459;;False
695,35;35.86;pa010​;20250411_094227;1;TUG2;0,1142;1,4995;0,1486;-0,0383;-0,3174;0,0404;-0,9467;;False
695,36;35.87;pa010​;20250411_094227;1;TUG2;0,1137;1,4992;0,1494;-0,0402;-0,3145;0,0403;-0,9475;;False
695,38;35.89;pa010​;20250411_094227;1;TUG2;0,1132;1,4989;0,1501;-0,0423;-0,3119;0,0398;-0,9483;;False
695,39;35.9;pa010​;20250411_094227;1;TUG2;0,1126;1,4988;0,1507;-0,0443;-0,3093;0,0391;-0,9491;;False
695,41;35.91;pa010​;20250411_094227;1;TUG2;0,1121;1,4987;0,1512;-0,0463;-0,3065;0,0383;-0,9500;;False
695,42;35.93;pa010​;20250411_094227;1;TUG2;0,1113;1,4986;0,1514;-0,0482;-0,3041;0,0373;-0,9507;;False
695,43;35.94;pa010​;20250411_094227;1;TUG2;0,1106;1,4985;0,1514;-0,0506;-0,3012;0,0364;-0,9515;;False
695,45;35.96;pa010​;20250411_094227;1;TUG2;0,1100;1,4984;0,1514;-0,0530;-0,2981;0,0359;-0,9524;;False
695,46;35.97;pa010​;20250411_094227;1;TUG2;0,1093;1,4981;0,1514;-0,0554;-0,2951;0,0359;-0,9532;;False
695,48;35.98;pa010​;20250411_094227;1;TUG2;0,1087;1,4978;0,1512;-0,0588;-0,2917;0,0368;-0,9540;;False
695,49;36.0;pa010​;20250411_094227;1;TUG2;0,1082;1,4973;0,1512;-0,0624;-0,2883;0,0381;-0,9548;;False
695,50;36.01;pa010​;20250411_094227;1;TUG2;0,1076;1,4967;0,1512;-0,0659;-0,2846;0,0388;-0,9556;;False
695,52;36.03;pa010​;20250411_094227;1;TUG2;0,1075;1,4962;0,1512;-0,0691;-0,2807;0,0389;-0,9565;;False
695,53;36.04;pa010​;20250411_094227;1;TUG2;0,1074;1,4958;0,1514;-0,0715;-0,2772;0,0393;-0,9573;;False
695,54;36.05;pa010​;20250411_094227;1;TUG2;0,1074;1,4952;0,1516;-0,0733;-0,2734;0,0391;-0,9583;;False
695,56;36.07;pa010​;20250411_094227;1;TUG2;0,1076;1,4945;0,1519;-0,0731;-0,2690;0,0398;-0,9595;;False
695,57;36.08;pa010​;20250411_094227;1;TUG2;0,1077;1,4939;0,1523;-0,0758;-0,2642;0,0423;-0,9606;;False
695,59;36.1;pa010​;20250411_094227;1;TUG2;0,1078;1,4932;0,1527;-0,0782;-0,2590;0,0450;-0,9617;;False
695,60;36.11;pa010​;20250411_094227;1;TUG2;0,1080;1,4926;0,1531;-0,0805;-0,2535;0,0474;-0,9628;;False
695,61;36.12;pa010​;20250411_094227;1;TUG2;0,1078;1,4918;0,1537;-0,0832;-0,2481;0,0502;-0,9638;;False
695,63;36.14;pa010​;20250411_094227;1;TUG2;0,1077;1,4912;0,1543;-0,0858;-0,2423;0,0514;-0,9650;;False
695,64;36.15;pa010​;20250411_094227;1;TUG2;0,1078;1,4906;0,1549;-0,0878;-0,2374;0,0525;-0,9660;;False
695,66;36.16;pa010​;20250411_094227;1;TUG2;0,1077;1,4902;0,1551;-0,0899;-0,2330;0,0527;-0,9669;;False
695,67;36.18;pa010​;20250411_094227;1;TUG2;0,1075;1,4897;0,1556;-0,0923;-0,2285;0,0527;-0,9677;;False
695,68;36.19;pa010​;20250411_094227;1;TUG2;0,1070;1,4893;0,1562;-0,0944;-0,2237;0,0527;-0,9687;;False
695,70;36.21;pa010​;20250411_094227;1;TUG2;0,1064;1,4889;0,1569;-0,0958;-0,2184;0,0528;-0,9697;;False
695,71;36.22;pa010​;20250411_094227;1;TUG2;0,1057;1,4885;0,1576;-0,0967;-0,2128;0,0528;-0,9709;;False
695,72;36.23;pa010​;20250411_094227;1;TUG2;0,1050;1,4881;0,1583;-0,0978;-0,2066;0,0534;-0,9721;;False
695,74;36.25;pa010​;20250411_094227;1;TUG2;0,1041;1,4877;0,1590;-0,0989;-0,2004;0,0534;-0,9732;;False
695,75;36.26;pa010​;20250411_094227;1;TUG2;0,1032;1,4871;0,1597;-0,1006;-0,1938;0,0533;-0,9744;;False
695,77;36.28;pa010​;20250411_094227;1;TUG2;0,1023;1,4863;0,1606;-0,1028;-0,1875;0,0527;-0,9754;;False
695,78;36.29;pa010​;20250411_094227;1;TUG2;0,1016;1,4854;0,1615;-0,1050;-0,1816;0,0526;-0,9763;;False
695,79;36.3;pa010​;20250411_094227;1;TUG2;0,1009;1,4844;0,1624;-0,1082;-0,1769;0,0526;-0,9769;;False
695,81;36.32;pa010​;20250411_094227;1;TUG2;0,1006;1,4831;0,1633;-0,1118;-0,1726;0,0522;-0,9772;;False
695,82;36.33;pa010​;20250411_094227;1;TUG2;0,1004;1,4816;0,1640;-0,1159;-0,1701;0,0520;-0,9772;;False
695,84;36.35;pa010​;20250411_094227;1;TUG2;0,1006;1,4803;0,1648;-0,1210;-0,1694;0,0510;-0,9768;;False
695,85;36.36;pa010​;20250411_094227;1;TUG2;0,1008;1,4791;0,1657;-0,1247;-0,1690;0,0489;-0,9765;;False
695,86;36.37;pa010​;20250411_094227;1;TUG2;0,1010;1,4780;0,1665;-0,1280;-0,1695;0,0471;-0,9761;;False
695,88;36.39;pa010​;20250411_094227;1;TUG2;0,1013;1,4770;0,1672;-0,1316;-0,1686;0,0454;-0,9758;;False
695,89;36.4;pa010​;20250411_094227;1;TUG2;0,1015;1,4761;0,1677;-0,1345;-0,1679;0,0448;-0,9756;;False
695,91;36.41;pa010​;20250411_094227;1;TUG2;0,1018;1,4754;0,1682;-0,1363;-0,1672;0,0456;-0,9754;;False
695,92;36.43;pa010​;20250411_094227;1;TUG2;0,1023;1,4750;0,1687;-0,1376;-0,1661;0,0462;-0,9754;;False
695,93;36.44;pa010​;20250411_094227;1;TUG2;0,1027;1,4747;0,1691;-0,1372;-0,1649;0,0474;-0,9756;;False
695,95;36.46;pa010​;20250411_094227;1;TUG2;0,1031;1,4745;0,1696;-0,1366;-0,1635;0,0491;-0,9758;;False
695,96;36.47;pa010​;20250411_094227;1;TUG2;0,1035;1,4745;0,1699;-0,1355;-0,1618;0,0504;-0,9762;;False
695,98;36.48;pa010​;20250411_094227;1;TUG2;0,1038;1,4747;0,1702;-0,1344;-0,1602;0,0516;-0,9765;;False
695,99;36.5;pa010​;20250411_094227;1;TUG2;0,1041;1,4749;0,1705;-0,1327;-0,1582;0,0524;-0,9771;;False
696,00;36.51;pa010​;20250411_094227;1;TUG2;0,1044;1,4751;0,1706;-0,1308;-0,1566;0,0527;-0,9775;;False
696,02;36.53;pa010​;20250411_094227;1;TUG2;0,1048;1,4752;0,1704;-0,1293;-0,1555;0,0529;-0,9779;;False
696,03;36.54;pa010​;20250411_094227;1;TUG2;0,1050;1,4754;0,1701;-0,1284;-0,1549;0,0527;-0,9781;;False
696,04;36.55;pa010​;20250411_094227;1;TUG2;0,1052;1,4757;0,1697;-0,1280;-0,1552;0,0524;-0,9781;;False
696,06;36.57;pa010​;20250411_094227;1;TUG2;0,1053;1,4760;0,1692;-0,1269;-0,1563;0,0519;-0,9781;;False
696,07;36.58;pa010​;20250411_094227;1;TUG2;0,1053;1,4765;0,1688;-0,1254;-0,1572;0,0504;-0,9783;;False
696,09;36.6;pa010​;20250411_094227;1;TUG2;0,1052;1,4772;0,1685;-0,1227;-0,1584;0,0484;-0,9785;;False
696,10;36.61;pa010​;20250411_094227;1;TUG2;0,1051;1,4781;0,1682;-0,1192;-0,1589;0,0465;-0,9790;;False
696,11;36.62;pa010​;20250411_094227;1;TUG2;0,1049;1,4790;0,1681;-0,1148;-0,1591;0,0454;-0,9795;;False
696,13;36.64;pa010​;20250411_094227;1;TUG2;0,1047;1,4798;0,1678;-0,1105;-0,1581;0,0440;-0,9802;;False
696,14;36.65;pa010​;20250411_094227;1;TUG2;0,1045;1,4806;0,1675;-0,1069;-0,1569;0,0429;-0,9809;;False
696,16;36.66;pa010​;20250411_094227;1;TUG2;0,1043;1,4815;0,1672;-0,1026;-0,1559;0,0421;-0,9815;;False
696,17;36.68;pa010​;20250411_094227;1;TUG2;0,1043;1,4827;0,1669;-0,0972;-0,1555;0,0421;-0,9821;;False
696,18;36.69;pa010​;20250411_094227;1;TUG2;0,1045;1,4838;0,1664;-0,0929;-0,1556;0,0423;-0,9825;;False
696,20;36.71;pa010​;20250411_094227;1;TUG2;0,1045;1,4847;0,1658;-0,0898;-0,1565;0,0430;-0,9827;;False
696,21;36.72;pa010​;20250411_094227;1;TUG2;0,1048;1,4855;0,1651;-0,0867;-0,1572;0,0435;-0,9828;;False
696,22;36.73;pa010​;20250411_094227;1;TUG2;0,1052;1,4863;0,1646;-0,0840;-0,1580;0,0437;-0,9829;;False
696,24;36.75;pa010​;20250411_094227;1;TUG2;0,1056;1,4868;0,1641;-0,0811;-0,1587;0,0439;-0,9830;;False
696,25;36.76;pa010​;20250411_094227;1;TUG2;0,1060;1,4871;0,1636;-0,0801;-0,1593;0,0447;-0,9830;;False
696,27;36.78;pa010​;20250411_094227;1;TUG2;0,1065;1,4871;0,1630;-0,0793;-0,1599;0,0450;-0,9829;;False
696,28;36.79;pa010​;20250411_094227;1;TUG2;0,1071;1,4872;0,1626;-0,0798;-0,1606;0,0460;-0,9827;;False
696,30;36.8;pa010​;20250411_094227;1;TUG2;0,1077;1,4871;0,1622;-0,0799;-0,1610;0,0472;-0,9826;;False
696,31;36.82;pa010​;20250411_094227;1;TUG2;0,1083;1,4872;0,1618;-0,0800;-0,1622;0,0481;-0,9823;;False
696,32;36.83;pa010​;20250411_094227;1;TUG2;0,1089;1,4870;0,1613;-0,0801;-0,1641;0,0491;-0,9820;;False
696,34;36.85;pa010​;20250411_094227;1;TUG2;0,1095;1,4864;0,1605;-0,0818;-0,1661;0,0496;-0,9814;;False
696,35;36.86;pa010​;20250411_094227;1;TUG2;0,1099;1,4861;0,1597;-0,0849;-0,1679;0,0498;-0,9809;;False
696,36;36.87;pa010​;20250411_094227;1;TUG2;0,1103;1,4860;0,1592;-0,0870;-0,1694;0,0497;-0,9804;;False
696,38;36.89;pa010​;20250411_094227;1;TUG2;0,1106;1,4860;0,1585;-0,0879;-0,1707;0,0504;-0,9801;;False
696,39;36.9;pa010​;20250411_094227;1;TUG2;0,1109;1,4860;0,1577;-0,0880;-0,1717;0,0515;-0,9799;;False
696,41;36.92;pa010​;20250411_094227;1;TUG2;0,1111;1,4860;0,1568;-0,0887;-0,1728;0,0525;-0,9795;;False
696,42;36.93;pa010​;20250411_094227;1;TUG2;0,1115;1,4859;0,1558;-0,0891;-0,1745;0,0537;-0,9791;;False
696,43;36.94;pa010​;20250411_094227;1;TUG2;0,1118;1,4861;0,1547;-0,0894;-0,1763;0,0549;-0,9787;;False
696,45;36.96;pa010​;20250411_094227;1;TUG2;0,1120;1,4863;0,1537;-0,0893;-0,1783;0,0558;-0,9783;;False
696,46;36.97;pa010​;20250411_094227;1;TUG2;0,1121;1,4865;0,1527;-0,0888;-0,1807;0,0563;-0,9779;;False
696,48;36.98;pa010​;20250411_094227;1;TUG2;0,1121;1,4868;0,1518;-0,0884;-0,1828;0,0566;-0,9775;;False
696,49;37.0;pa010​;20250411_094227;1;TUG2;0,1121;1,4870;0,1511;-0,0878;-0,1846;0,0568;-0,9772;;False
696,50;37.01;pa010​;20250411_094227;1;TUG2;0,1120;1,4872;0,1504;-0,0871;-0,1860;0,0568;-0,9770;;False
696,52;37.03;pa010​;20250411_094227;1;TUG2;0,1118;1,4875;0,1496;-0,0864;-0,1877;0,0569;-0,9768;;False
696,53;37.04;pa010​;20250411_094227;1;TUG2;0,1115;1,4878;0,1489;-0,0852;-0,1887;0,0575;-0,9766;;False
696,54;37.05;pa010​;20250411_094227;1;TUG2;0,1111;1,4879;0,1482;-0,0846;-0,1892;0,0582;-0,9766;;False
696,56;37.07;pa010​;20250411_094227;1;TUG2;0,1105;1,4879;0,1474;-0,0841;-0,1896;0,0596;-0,9764;;False
696,57;37.08;pa010​;20250411_094227;1;TUG2;0,1100;1,4877;0,1466;-0,0840;-0,1898;0,0615;-0,9763;;False
696,59;37.1;pa010​;20250411_094227;1;TUG2;0,1096;1,4874;0,1458;-0,0849;-0,1908;0,0629;-0,9759;;False
696,60;37.11;pa010​;20250411_094227;1;TUG2;0,1092;1,4872;0,1450;-0,0868;-0,1922;0,0641;-0,9754;;False
696,61;37.12;pa010​;20250411_094227;1;TUG2;0,1088;1,4868;0,1442;-0,0885;-0,1932;0,0651;-0,9750;;False
696,63;37.14;pa010​;20250411_094227;1;TUG2;0,1085;1,4863;0,1434;-0,0909;-0,1948;0,0662;-0,9744;;False
696,64;37.15;pa010​;20250411_094227;1;TUG2;0,1082;1,4859;0,1427;-0,0919;-0,1963;0,0677;-0,9739;;False
696,66;37.17;pa010​;20250411_094227;1;TUG2;0,1078;1,4855;0,1421;-0,0924;-0,1980;0,0701;-0,9733;;False
696,67;37.18;pa010​;20250411_094227;1;TUG2;0,1074;1,4852;0,1415;-0,0921;-0,1994;0,0727;-0,9729;;False
696,68;37.19;pa010​;20250411_094227;1;TUG2;0,1071;1,4846;0,1407;-0,0926;-0,2014;0,0752;-0,9722;;False
696,70;37.21;pa010​;20250411_094227;1;TUG2;0,1068;1,4843;0,1395;-0,0943;-0,2048;0,0760;-0,9713;;False
696,71;37.22;pa010​;20250411_094227;1;TUG2;0,1066;1,4843;0,1383;-0,0956;-0,2079;0,0759;-0,9705;;False
696,73;37.23;pa010​;20250411_094227;1;TUG2;0,1063;1,4846;0,1371;-0,0960;-0,2113;0,0750;-0,9698;;False
696,74;37.25;pa010​;20250411_094227;1;TUG2;0,1057;1,4850;0,1358;-0,0959;-0,2136;0,0742;-0,9694;;False
696,75;37.26;pa010​;20250411_094227;1;TUG2;0,1050;1,4855;0,1346;-0,0950;-0,2153;0,0741;-0,9691;;False
696,77;37.28;pa010​;20250411_094227;1;TUG2;0,1041;1,4859;0,1334;-0,0937;-0,2158;0,0747;-0,9691;;False
696,78;37.29;pa010​;20250411_094227;1;TUG2;0,1031;1,4861;0,1323;-0,0927;-0,2148;0,0758;-0,9693;;False
696,79;37.3;pa010​;20250411_094227;1;TUG2;0,1020;1,4861;0,1313;-0,0928;-0,2137;0,0774;-0,9694;;False
696,81;37.32;pa010​;20250411_094227;1;TUG2;0,1009;1,4860;0,1303;-0,0941;-0,2123;0,0786;-0,9695;;False
696,82;37.33;pa010​;20250411_094227;1;TUG2;0,0999;1,4857;0,1294;-0,0959;-0,2110;0,0801;-0,9695;;False
696,84;37.35;pa010​;20250411_094227;1;TUG2;0,0987;1,4852;0,1286;-0,0987;-0,2100;0,0819;-0,9692;;False
696,85;37.36;pa010​;20250411_094227;1;TUG2;0,0975;1,4847;0,1277;-0,1024;-0,2089;0,0840;-0,9689;;False
696,87;37.37;pa010​;20250411_094227;1;TUG2;0,0964;1,4842;0,1270;-0,1067;-0,2082;0,0865;-0,9684;;False
696,88;37.39;pa010​;20250411_094227;1;TUG2;0,0953;1,4839;0,1263;-0,1096;-0,2077;0,0878;-0,9681;;False
696,89;37.4;pa010​;20250411_094227;1;TUG2;0,0941;1,4838;0,1259;-0,1108;-0,2079;0,0880;-0,9679;;False
696,91;37.41;pa010​;20250411_094227;1;TUG2;0,0935;1,4839;0,1257;-0,1103;-0,2081;0,0881;-0,9679;;False
696,92;37.43;pa010​;20250411_094227;1;TUG2;0,0920;1,4844;0,1250;-0,1090;-0,2097;0,0864;-0,9678;;False
696,93;37.44;pa010​;20250411_094227;1;TUG2;0,0912;1,4838;0,1248;-0,1089;-0,2085;0,0840;-0,9683;;False
696,95;37.46;pa010​;20250411_094227;1;TUG2;0,0901;1,4845;0,1248;-0,1090;-0,2090;0,0832;-0,9683;;False
696,96;37.47;pa010​;20250411_094227;1;TUG2;0,0892;1,4849;0,1250;-0,1054;-0,2097;0,0823;-0,9686;;False
696,98;37.48;pa010​;20250411_094227;1;TUG2;0,0884;1,4853;0,1249;-0,1020;-0,2101;0,0799;-0,9691;;False
696,99;37.5;pa010​;20250411_094227;1;TUG2;0,0875;1,4853;0,1247;-0,0997;-0,2110;0,0794;-0,9691;;False
697,00;37.51;pa010​;20250411_094227;1;TUG2;0,0867;1,4855;0,1244;-0,0997;-0,2119;0,0784;-0,9690;;False
697,02;37.53;pa010​;20250411_094227;1;TUG2;0,0860;1,4854;0,1241;-0,1002;-0,2128;0,0772;-0,9689;;False
697,03;37.54;pa010​;20250411_094227;1;TUG2;0,0853;1,4854;0,1238;-0,1014;-0,2135;0,0759;-0,9687;;False
697,04;37.55;pa010​;20250411_094227;1;TUG2;0,0845;1,4854;0,1238;-0,1021;-0,2146;0,0757;-0,9684;;False
697,06;37.57;pa010​;20250411_094227;1;TUG2;0,0837;1,4854;0,1239;-0,1019;-0,2147;0,0749;-0,9685;;False
697,07;37.58;pa010​;20250411_094227;1;TUG2;0,0829;1,4856;0,1241;-0,1009;-0,2146;0,0740;-0,9687;;False
697,09;37.6;pa010​;20250411_094227;1;TUG2;0,0821;1,4858;0,1241;-0,0997;-0,2146;0,0741;-0,9688;;False
697,10;37.61;pa010​;20250411_094227;1;TUG2;0,0812;1,4857;0,1241;-0,0997;-0,2140;0,0735;-0,9690;;False
697,11;37.62;pa010​;20250411_094227;1;TUG2;0,0803;1,4857;0,1240;-0,1002;-0,2134;0,0740;-0,9690;;False
697,13;37.64;pa010​;20250411_094227;1;TUG2;0,0796;1,4858;0,1239;-0,1003;-0,2127;0,0744;-0,9691;;False
697,14;37.65;pa010​;20250411_094227;1;TUG2;0,0789;1,4859;0,1240;-0,1000;-0,2126;0,0746;-0,9691;;False
697,16;37.67;pa010​;20250411_094227;1;TUG2;0,0783;1,4861;0,1239;-0,0991;-0,2124;0,0744;-0,9693;;False
697,17;37.68;pa010​;20250411_094227;1;TUG2;0,0779;1,4864;0,1239;-0,0977;-0,2126;0,0741;-0,9694;;False
697,18;37.69;pa010​;20250411_094227;1;TUG2;0,0775;1,4870;0,1240;-0,0944;-0,2136;0,0731;-0,9696;;False
697,20;37.71;pa010​;20250411_094227;1;TUG2;0,0771;1,4877;0,1242;-0,0909;-0,2159;0,0713;-0,9695;;False
697,21;37.72;pa010​;20250411_094227;1;TUG2;0,0767;1,4883;0,1242;-0,0878;-0,2182;0,0695;-0,9695;;False
697,23;37.74;pa010​;20250411_094227;1;TUG2;0,0763;1,4886;0,1242;-0,0853;-0,2195;0,0679;-0,9695;;False
697,24;37.75;pa010​;20250411_094227;1;TUG2;0,0761;1,4890;0,1242;-0,0833;-0,2204;0,0671;-0,9695;;False
697,25;37.76;pa010​;20250411_094227;1;TUG2;0,0759;1,4893;0,1242;-0,0811;-0,2219;0,0669;-0,9694;;False
697,27;37.78;pa010​;20250411_094227;1;TUG2;0,0757;1,4894;0,1240;-0,0793;-0,2234;0,0675;-0,9692;;False
697,28;37.79;pa010​;20250411_094227;1;TUG2;0,0755;1,4896;0,1236;-0,0781;-0,2250;0,0676;-0,9689;;False
697,29;37.8;pa010​;20250411_094227;1;TUG2;0,0754;1,4898;0,1231;-0,0771;-0,2267;0,0675;-0,9685;;False
697,31;37.82;pa010​;20250411_094227;1;TUG2;0,0753;1,4901;0,1227;-0,0761;-0,2287;0,0668;-0,9682;;False
697,32;37.83;pa010​;20250411_094227;1;TUG2;0,0750;1,4909;0,1223;-0,0749;-0,2304;0,0661;-0,9680;;False
697,34;37.85;pa010​;20250411_094227;1;TUG2;0,0748;1,4913;0,1224;-0,0714;-0,2330;0,0638;-0,9678;;False
697,35;37.86;pa010​;20250411_094227;1;TUG2;0,0746;1,4922;0,1222;-0,0683;-0,2351;0,0622;-0,9676;;False
697,37;37.87;pa010​;20250411_094227;1;TUG2;0,0744;1,4926;0,1222;-0,0647;-0,2378;0,0604;-0,9673;;False
697,38;37.89;pa010​;20250411_094227;1;TUG2;0,0741;1,4932;0,1220;-0,0621;-0,2408;0,0586;-0,9668;;False
697,39;37.9;pa010​;20250411_094227;1;TUG2;0,0738;1,4938;0,1218;-0,0591;-0,2441;0,0561;-0,9663;;False
697,41;37.91;pa010​;20250411_094227;1;TUG2;0,0737;1,4944;0,1216;-0,0567;-0,2470;0,0543;-0,9658;;False
697,42;37.93;pa010​;20250411_094227;1;TUG2;0,0734;1,4950;0,1214;-0,0537;-0,2499;0,0525;-0,9654;;False
697,43;37.94;pa010​;20250411_094227;1;TUG2;0,0732;1,4957;0,1209;-0,0510;-0,2526;0,0519;-0,9648;;False
697,45;37.96;pa010​;20250411_094227;1;TUG2;0,0732;1,4964;0,1207;-0,0476;-0,2554;0,0506;-0,9643;;False
697,46;37.97;pa010​;20250411_094227;1;TUG2;0,0734;1,4976;0,1205;-0,0424;-0,2582;0,0489;-0,9639;;False
697,48;37.98;pa010​;20250411_094227;1;TUG2;0,0736;1,4986;0,1201;-0,0368;-0,2617;0,0469;-0,9633;;False
697,49;38.0;pa010​;20250411_094227;1;TUG2;0,0739;1,4996;0,1195;-0,0319;-0,2656;0,0451;-0,9625;;False
697,50;38.01;pa010​;20250411_094227;1;TUG2;0,0741;1,5003;0,1187;-0,0280;-0,2695;0,0437;-0,9616;;False
697,52;38.03;pa010​;20250411_094227;1;TUG2;0,0746;1,5010;0,1181;-0,0240;-0,2727;0,0434;-0,9608;;False
697,53;38.04;pa010​;20250411_094227;1;TUG2;0,0749;1,5017;0,1175;-0,0199;-0,2763;0,0437;-0,9599;;False
697,54;38.05;pa010​;20250411_094227;1;TUG2;0,0755;1,5022;0,1170;-0,0162;-0,2792;0,0446;-0,9591;;False
697,56;38.07;pa010​;20250411_094227;1;TUG2;0,0759;1,5025;0,1165;-0,0135;-0,2817;0,0452;-0,9583;;False
697,57;38.08;pa010​;20250411_094227;1;TUG2;0,0764;1,5025;0,1159;-0,0120;-0,2844;0,0458;-0,9575;;False
697,59;38.1;pa010​;20250411_094227;1;TUG2;0,0769;1,5024;0,1153;-0,0119;-0,2870;0,0462;-0,9567;;False
697,60;38.11;pa010​;20250411_094227;1;TUG2;0,0774;1,5022;0,1148;-0,0121;-0,2899;0,0461;-0,9559;;False
697,61;38.12;pa010​;20250411_094227;1;TUG2;0,0779;1,5018;0,1143;-0,0137;-0,2930;0,0464;-0,9549;;False
697,63;38.14;pa010​;20250411_094227;1;TUG2;0,0783;1,5012;0,1139;-0,0164;-0,2965;0,0470;-0,9537;;False
697,64;38.15;pa010​;20250411_094227;1;TUG2;0,0787;1,5006;0,1136;-0,0198;-0,3006;0,0476;-0,9523;;False
697,66;38.17;pa010​;20250411_094227;1;TUG2;0,0794;1,4998;0,1134;-0,0238;-0,3039;0,0479;-0,9512;;False
697,67;38.18;pa010​;20250411_094227;1;TUG2;0,0800;1,4988;0,1134;-0,0284;-0,3071;0,0482;-0,9500;;False
697,68;38.19;pa010​;20250411_094227;1;TUG2;0,0805;1,4976;0,1134;-0,0339;-0,3099;0,0492;-0,9489;;False
697,70;38.21;pa010​;20250411_094227;1;TUG2;0,0808;1,4964;0,1136;-0,0395;-0,3125;0,0503;-0,9478;;False
697,71;38.22;pa010​;20250411_094227;1;TUG2;0,0813;1,4956;0,1139;-0,0434;-0,3139;0,0507;-0,9471;;False
697,73;38.23;pa010​;20250411_094227;1;TUG2;0,0817;1,4951;0,1143;-0,0461;-0,3147;0,0511;-0,9467;;False
697,74;38.25;pa010​;20250411_094227;1;TUG2;0,0819;1,4948;0,1148;-0,0467;-0,3142;0,0523;-0,9468;;False
697,75;38.26;pa010​;20250411_094227;1;TUG2;0,0819;1,4948;0,1155;-0,0472;-0,3131;0,0529;-0,9471;;False
697,77;38.28;pa010​;20250411_094227;1;TUG2;0,0819;1,4946;0,1161;-0,0472;-0,3108;0,0535;-0,9478;;False
697,78;38.29;pa010​;20250411_094227;1;TUG2;0,0818;1,4943;0,1168;-0,0478;-0,3082;0,0546;-0,9486;;False
697,79;38.3;pa010​;20250411_094227;1;TUG2;0,0818;1,4941;0,1176;-0,0484;-0,3047;0,0560;-0,9496;;False
697,81;38.32;pa010​;20250411_094227;1;TUG2;0,0819;1,4940;0,1183;-0,0485;-0,3012;0,0575;-0,9506;;False
697,82;38.33;pa010​;20250411_094227;1;TUG2;0,0820;1,4936;0,1189;-0,0490;-0,2983;0,0583;-0,9514;;False
697,84;38.35;pa010​;20250411_094227;1;TUG2;0,0819;1,4933;0,1193;-0,0510;-0,2968;0,0588;-0,9518;;False
697,85;38.36;pa010​;20250411_094227;1;TUG2;0,0818;1,4928;0,1195;-0,0537;-0,2962;0,0595;-0,9518;;False
697,86;38.37;pa010​;20250411_094227;1;TUG2;0,0818;1,4923;0,1198;-0,0570;-0,2964;0,0598;-0,9515;;False
697,88;38.39;pa010​;20250411_094227;1;TUG2;0,0817;1,4919;0,1201;-0,0603;-0,2965;0,0596;-0,9513;;False
697,89;38.4;pa010​;20250411_094227;1;TUG2;0,0816;1,4916;0,1205;-0,0628;-0,2966;0,0594;-0,9511;;False
697,91;38.41;pa010​;20250411_094227;1;TUG2;0,0814;1,4915;0,1210;-0,0644;-0,2958;0,0589;-0,9513;;False
697,92;38.43;pa010​;20250411_094227;1;TUG2;0,0811;1,4913;0,1215;-0,0650;-0,2941;0,0581;-0,9518;;False
697,93;38.44;pa010​;20250411_094227;1;TUG2;0,0807;1,4912;0,1220;-0,0658;-0,2921;0,0583;-0,9523;;False
697,95;38.46;pa010​;20250411_094227;1;TUG2;0,0802;1,4914;0,1226;-0,0664;-0,2899;0,0578;-0,9530;;False
697,96;38.47;pa010​;20250411_094227;1;TUG2;0,0799;1,4916;0,1232;-0,0661;-0,2877;0,0569;-0,9537;;False
697,98;38.48;pa010​;20250411_094227;1;TUG2;0,0797;1,4919;0,1238;-0,0654;-0,2852;0,0559;-0,9546;;False
697,99;38.5;pa010​;20250411_094227;1;TUG2;0,0796;1,4919;0,1243;-0,0646;-0,2828;0,0552;-0,9554;;False
698,00;38.51;pa010​;20250411_094227;1;TUG2;0,0796;1,4920;0,1247;-0,0640;-0,2812;0,0552;-0,9559;;False
698,02;38.53;pa010​;20250411_094227;1;TUG2;0,0796;1,4919;0,1248;-0,0639;-0,2807;0,0558;-0,9560;;False
698,03;38.54;pa010​;20250411_094227;1;TUG2;0,0796;1,4922;0,1248;-0,0638;-0,2815;0,0565;-0,9558;;False
698,04;38.55;pa010​;20250411_094227;1;TUG2;0,0795;1,4925;0,1249;-0,0634;-0,2824;0,0564;-0,9555;;False
698,06;38.57;pa010​;20250411_094227;1;TUG2;0,0794;1,4929;0,1250;-0,0629;-0,2832;0,0554;-0,9554;;False
698,07;38.58;pa010​;20250411_094227;1;TUG2;0,0792;1,4933;0,1252;-0,0620;-0,2839;0,0542;-0,9553;;False
698,09;38.59;pa010​;20250411_094227;1;TUG2;0,0790;1,4937;0,1254;-0,0606;-0,2840;0,0529;-0,9554;;False
698,10;38.61;pa010​;20250411_094227;1;TUG2;0,0787;1,4941;0,1256;-0,0593;-0,2834;0,0517;-0,9558;;False
698,11;38.62;pa010​;20250411_094227;1;TUG2;0,0784;1,4944;0,1258;-0,0579;-0,2829;0,0512;-0,9560;;False
698,13;38.64;pa010​;20250411_094227;1;TUG2;0,0782;1,4947;0,1259;-0,0571;-0,2823;0,0508;-0,9563;;False
698,14;38.65;pa010​;20250411_094227;1;TUG2;0,0782;1,4949;0,1261;-0,0565;-0,2819;0,0505;-0,9565;;False
698,16;38.67;pa010​;20250411_094227;1;TUG2;0,0783;1,4950;0,1262;-0,0559;-0,2821;0,0509;-0,9564;;False
698,17;38.68;pa010​;20250411_094227;1;TUG2;0,0784;1,4950;0,1265;-0,0556;-0,2825;0,0513;-0,9563;;False
698,18;38.69;pa010​;20250411_094227;1;TUG2;0,0783;1,4954;0,1266;-0,0555;-0,2836;0,0508;-0,9560;;False
698,20;38.71;pa010​;20250411_094227;1;TUG2;0,0786;1,4954;0,1268;-0,0551;-0,2850;0,0499;-0,9556;;False
698,21;38.72;pa010​;20250411_094227;1;TUG2;0,0793;1,4955;0,1271;-0,0541;-0,2864;0,0487;-0,9553;;False
698,23;38.73;pa010​;20250411_094227;1;TUG2;0,0795;1,4957;0,1273;-0,0532;-0,2873;0,0483;-0,9551;;False
698,24;38.75;pa010​;20250411_094227;1;TUG2;0,0798;1,4959;0,1274;-0,0525;-0,2874;0,0483;-0,9552;;False
698,25;38.76;pa010​;20250411_094227;1;TUG2;0,0800;1,4961;0,1275;-0,0521;-0,2871;0,0491;-0,9552;;False
698,27;38.78;pa010​;20250411_094227;1;TUG2;0,0802;1,4963;0,1275;-0,0515;-0,2866;0,0503;-0,9553;;False
698,28;38.79;pa010​;20250411_094227;1;TUG2;0,0804;1,4965;0,1274;-0,0508;-0,2863;0,0513;-0,9554;;False
698,30;38.8;pa010​;20250411_094227;1;TUG2;0,0806;1,4967;0,1273;-0,0499;-0,2862;0,0519;-0,9555;;False
698,31;38.82;pa010​;20250411_094227;1;TUG2;0,0809;1,4971;0,1271;-0,0484;-0,2864;0,0520;-0,9555;;False
698,32;38.83;pa010​;20250411_094227;1;TUG2;0,0811;1,4974;0,1269;-0,0469;-0,2868;0,0517;-0,9554;;False
698,34;38.85;pa010​;20250411_094227;1;TUG2;0,0813;1,4977;0,1266;-0,0462;-0,2878;0,0511;-0,9552;;False
698,35;38.86;pa010​;20250411_094227;1;TUG2;0,0815;1,4980;0,1262;-0,0456;-0,2889;0,0507;-0,9549;;False
698,36;38.87;pa010​;20250411_094227;1;TUG2;0,0819;1,4983;0,1257;-0,0446;-0,2902;0,0506;-0,9546;;False
698,38;38.89;pa010​;20250411_094227;1;TUG2;0,0822;1,4986;0,1252;-0,0438;-0,2919;0,0505;-0,9541;;False
698,39;38.9;pa010​;20250411_094227;1;TUG2;0,0824;1,4992;0,1247;-0,0421;-0,2932;0,0501;-0,9538;;False
698,41;38.91;pa010​;20250411_094227;1;TUG2;0,0827;1,5001;0,1243;-0,0389;-0,2935;0,0494;-0,9539;;False
698,42;38.93;pa010​;20250411_094227;1;TUG2;0,0830;1,5013;0,1239;-0,0335;-0,2946;0,0492;-0,9538;;False
698,43;38.94;pa010​;20250411_094227;1;TUG2;0,0835;1,5023;0,1233;-0,0280;-0,2959;0,0481;-0,9536;;False
698,45;38.96;pa010​;20250411_094227;1;TUG2;0,0838;1,5031;0,1227;-0,0241;-0,2969;0,0475;-0,9534;;False
698,46;38.97;pa010​;20250411_094227;1;TUG2;0,0843;1,5041;0,1222;-0,0188;-0,2983;0,0465;-0,9532;;False
698,48;38.98;pa010​;20250411_094227;1;TUG2;0,0849;1,5053;0,1217;-0,0133;-0,2999;0,0465;-0,9528;;False
698,49;39.0;pa010​;20250411_094227;1;TUG2;0,0855;1,5065;0,1211;-0,0073;-0,3012;0,0458;-0,9524;;False
698,50;39.01;pa010​;20250411_094227;1;TUG2;0,0864;1,5076;0,1205;-0,0027;-0,3024;0,0456;-0,9521;;False
698,52;39.03;pa010​;20250411_094227;1;TUG2;0,0869;1,5082;0,1196;0,0018;-0,3047;0,0457;-0,9513;;False
698,53;39.04;pa010​;20250411_094227;1;TUG2;0,0873;1,5085;0,1186;0,0034;-0,3073;0,0456;-0,9505;;False
698,54;39.05;pa010​;20250411_094227;1;TUG2;0,0880;1,5091;0,1177;0,0052;-0,3097;0,0444;-0,9498;;False
698,56;39.07;pa010​;20250411_094227;1;TUG2;0,0889;1,5099;0,1172;0,0080;-0,3128;0,0428;-0,9488;;False
698,57;39.08;pa010​;20250411_094227;1;TUG2;0,0897;1,5103;0,1164;0,0105;-0,3156;0,0420;-0,9479;;False
698,59;39.1;pa010​;20250411_094227;1;TUG2;0,0904;1,5102;0,1157;0,0108;-0,3180;0,0413;-0,9471;;False
698,60;39.11;pa010​;20250411_094227;1;TUG2;0,0910;1,5101;0,1152;0,0100;-0,3197;0,0418;-0,9465;;False
698,61;39.12;pa010​;20250411_094227;1;TUG2;0,0915;1,5099;0,1150;0,0093;-0,3206;0,0425;-0,9462;;False
698,63;39.14;pa010​;20250411_094227;1;TUG2;0,0920;1,5094;0,1151;0,0080;-0,3209;0,0446;-0,9460;;False
698,64;39.15;pa010​;20250411_094227;1;TUG2;0,0923;1,5086;0,1153;0,0058;-0,3210;0,0466;-0,9459;;False
698,66;39.17;pa010​;20250411_094227;1;TUG2;0,0926;1,5076;0,1155;0,0023;-0,3213;0,0486;-0,9457;;False
698,67;39.18;pa010​;20250411_094227;1;TUG2;0,0929;1,5069;0,1157;-0,0023;-0,3215;0,0496;-0,9456;;False
698,68;39.19;pa010​;20250411_094227;1;TUG2;0,0933;1,5065;0,1161;-0,0047;-0,3217;0,0485;-0,9456;;False
698,70;39.21;pa010​;20250411_094227;1;TUG2;0,0937;1,5064;0,1166;-0,0052;-0,3226;0,0467;-0,9454;;False
698,71;39.22;pa010​;20250411_094227;1;TUG2;0,0938;1,5062;0,1170;-0,0060;-0,3233;0,0452;-0,9452;;False
698,73;39.23;pa010​;20250411_094227;1;TUG2;0,0939;1,5060;0,1173;-0,0071;-0,3234;0,0439;-0,9452;;False
698,74;39.25;pa010​;20250411_094227;1;TUG2;0,0940;1,5059;0,1177;-0,0082;-0,3232;0,0438;-0,9453;;False
698,75;39.26;pa010​;20250411_094227;1;TUG2;0,0941;1,5059;0,1183;-0,0085;-0,3228;0,0434;-0,9454;;False
698,77;39.28;pa010​;20250411_094227;1;TUG2;0,0942;1,5059;0,1189;-0,0086;-0,3216;0,0438;-0,9458;;False
698,78;39.29;pa010​;20250411_094227;1;TUG2;0,0943;1,5059;0,1195;-0,0091;-0,3206;0,0445;-0,9461;;False
698,79;39.3;pa010​;20250411_094227;1;TUG2;0,0942;1,5058;0,1201;-0,0095;-0,3190;0,0457;-0,9466;;False
698,81;39.32;pa010​;20250411_094227;1;TUG2;0,0942;1,5057;0,1207;-0,0104;-0,3172;0,0468;-0,9471;;False
698,82;39.33;pa010​;20250411_094227;1;TUG2;0,0942;1,5055;0,1212;-0,0117;-0,3158;0,0481;-0,9475;;False
698,84;39.35;pa010​;20250411_094227;1;TUG2;0,0942;1,5053;0,1217;-0,0131;-0,3146;0,0485;-0,9479;;False
698,85;39.36;pa010​;20250411_094227;1;TUG2;0,0944;1,5053;0,1222;-0,0138;-0,3137;0,0480;-0,9482;;False
698,87;39.37;pa010​;20250411_094227;1;TUG2;0,0947;1,5052;0,1225;-0,0142;-0,3141;0,0478;-0,9481;;False
698,88;39.39;pa010​;20250411_094227;1;TUG2;0,0948;1,5050;0,1229;-0,0152;-0,3149;0,0474;-0,9478;;False
698,89;39.4;pa010​;20250411_094227;1;TUG2;0,0951;1,5047;0,1232;-0,0169;-0,3158;0,0470;-0,9475;;False
698,91;39.42;pa010​;20250411_094227;1;TUG2;0,0952;1,5045;0,1234;-0,0181;-0,3171;0,0468;-0,9471;;False
698,92;39.43;pa010​;20250411_094227;1;TUG2;0,0955;1,5045;0,1237;-0,0188;-0,3179;0,0463;-0,9468;;False
698,94;39.44;pa010​;20250411_094227;1;TUG2;0,0955;1,5043;0,1238;-0,0193;-0,3187;0,0455;-0,9466;;False
698,95;39.46;pa010​;20250411_094227;1;TUG2;0,0956;1,5043;0,1240;-0,0205;-0,3188;0,0452;-0,9465;;False
698,96;39.47;pa010​;20250411_094227;1;TUG2;0,0954;1,5041;0,1242;-0,0212;-0,3182;0,0451;-0,9467;;False
698,98;39.48;pa010​;20250411_094227;1;TUG2;0,0955;1,5041;0,1245;-0,0218;-0,3164;0,0454;-0,9473;;False
698,99;39.5;pa010​;20250411_094227;1;TUG2;0,0951;1,5041;0,1246;-0,0211;-0,3130;0,0465;-0,9484;;False
699,00;39.51;pa010​;20250411_094227;1;TUG2;0,0942;1,5043;0,1250;-0,0203;-0,3079;0,0489;-0,9499;;False
699,02;39.53;pa010​;20250411_094227;1;TUG2;0,0934;1,5041;0,1253;-0,0201;-0,3022;0,0525;-0,9516;;False
699,03;39.54;pa010​;20250411_094227;1;TUG2;0,0927;1,5038;0,1255;-0,0205;-0,2956;0,0568;-0,9534;;False
699,04;39.55;pa010​;20250411_094227;1;TUG2;0,0922;1,5036;0,1257;-0,0214;-0,2906;0,0599;-0,9547;;False
699,06;39.57;pa010​;20250411_094227;1;TUG2;0,0923;1,5035;0,1257;-0,0225;-0,2880;0,0606;-0,9554;;False
699,07;39.58;pa010​;20250411_094227;1;TUG2;0,0926;1,5033;0,1255;-0,0230;-0,2884;0,0593;-0,9554;;False
699,09;39.6;pa010​;20250411_094227;1;TUG2;0,0924;1,5032;0,1255;-0,0243;-0,2915;0,0562;-0,9546;;False
699,10;39.61;pa010​;20250411_094227;1;TUG2;0,0939;1,5028;0,1245;-0,0265;-0,2971;0,0522;-0,9530;;False
699,11;39.62;pa010​;20250411_094227;1;TUG2;0,0947;1,5024;0,1239;-0,0296;-0,3032;0,0491;-0,9512;;False
699,13;39.64;pa010​;20250411_094227;1;TUG2;0,0955;1,5018;0,1233;-0,0329;-0,3091;0,0468;-0,9493;;False
699,14;39.65;pa010​;20250411_094227;1;TUG2;0,0963;1,5012;0,1226;-0,0368;-0,3141;0,0454;-0,9476;;False
699,16;39.67;pa010​;20250411_094227;1;TUG2;0,0968;1,5007;0,1220;-0,0405;-0,3181;0,0452;-0,9461;;False
699,17;39.68;pa010​;20250411_094227;1;TUG2;0,0972;1,5004;0,1217;-0,0420;-0,3202;0,0462;-0,9453;;False
699,18;39.69;pa010​;20250411_094227;1;TUG2;0,0977;1,5004;0,1215;-0,0423;-0,3213;0,0475;-0,9448;;False
699,20;39.71;pa010​;20250411_094227;1;TUG2;0,0976;1,5004;0,1215;-0,0413;-0,3206;0,0489;-0,9451;;False
699,21;39.72;pa010​;20250411_094227;1;TUG2;0,0974;1,5002;0,1214;-0,0411;-0,3184;0,0508;-0,9457;;False
699,23;39.73;pa010​;20250411_094227;1;TUG2;0,0976;1,5000;0,1212;-0,0413;-0,3148;0,0527;-0,9468;;False
699,24;39.75;pa010​;20250411_094227;1;TUG2;0,0970;1,5001;0,1215;-0,0407;-0,3102;0,0545;-0,9482;;False
699,25;39.76;pa010​;20250411_094227;1;TUG2;0,0957;1,5003;0,1222;-0,0401;-0,3049;0,0562;-0,9499;;False
699,27;39.78;pa010​;20250411_094227;1;TUG2;0,0949;1,5002;0,1226;-0,0401;-0,3000;0,0578;-0,9513;;False
699,28;39.79;pa010​;20250411_094227;1;TUG2;0,0942;1,5001;0,1229;-0,0404;-0,2952;0,0585;-0,9528;;False
699,29;39.8;pa010​;20250411_094227;1;TUG2;0,0936;1,4999;0,1232;-0,0416;-0,2919;0,0585;-0,9537;;False
699,31;39.82;pa010​;20250411_094227;1;TUG2;0,0932;1,4997;0,1235;-0,0431;-0,2897;0,0581;-0,9544;;False
699,32;39.83;pa010​;20250411_094227;1;TUG2;0,0930;1,4993;0,1236;-0,0448;-0,2886;0,0573;-0,9547;;False
699,34;39.85;pa010​;20250411_094227;1;TUG2;0,0929;1,4989;0,1239;-0,0471;-0,2888;0,0562;-0,9546;;False
699,35;39.86;pa010​;20250411_094227;1;TUG2;0,0928;1,4983;0,1240;-0,0500;-0,2899;0,0555;-0,9541;;False
699,37;39.87;pa010​;20250411_094227;1;TUG2;0,0929;1,4977;0,1241;-0,0537;-0,2909;0,0551;-0,9537;;False
699,38;39.89;pa010​;20250411_094227;1;TUG2;0,0929;1,4971;0,1242;-0,0576;-0,2922;0,0547;-0,9530;;False
699,39;39.9;pa010​;20250411_094227;1;TUG2;0,0931;1,4968;0,1244;-0,0602;-0,2936;0,0539;-0,9525;;False
699,41;39.91;pa010​;20250411_094227;1;TUG2;0,0933;1,4968;0,1247;-0,0608;-0,2947;0,0528;-0,9522;;False
699,42;39.93;pa010​;20250411_094227;1;TUG2;0,0932;1,4972;0,1251;-0,0600;-0,2949;0,0521;-0,9522;;False
699,43;39.94;pa010​;20250411_094227;1;TUG2;0,0929;1,4973;0,1256;-0,0583;-0,2940;0,0523;-0,9526;;False
699,45;39.96;pa010​;20250411_094227;1;TUG2;0,0925;1,4975;0,1260;-0,0571;-0,2922;0,0531;-0,9532;;False
699,46;39.97;pa010​;20250411_094227;1;TUG2;0,0921;1,4979;0,1267;-0,0549;-0,2897;0,0533;-0,9541;;False
699,48;39.98;pa010​;20250411_094227;1;TUG2;0,0918;1,4985;0,1273;-0,0520;-0,2877;0,0537;-0,9548;;False
699,49;40.0;pa010​;20250411_094227;1;TUG2;0,0914;1,4990;0,1279;-0,0489;-0,2855;0,0534;-0,9557;;False
699,50;40.01;pa010​;20250411_094227;1;TUG2;0,0910;1,4994;0,1284;-0,0464;-0,2836;0,0530;-0,9564;;False
699,52;40.03;pa010​;20250411_094227;1;TUG2;0,0908;1,4996;0,1288;-0,0450;-0,2817;0,0526;-0,9570;;False
699,53;40.04;pa010​;20250411_094227;1;TUG2;0,0904;1,4998;0,1293;-0,0445;-0,2805;0,0522;-0,9574;;False
699,54;40.05;pa010​;20250411_094227;1;TUG2;0,0901;1,4999;0,1297;-0,0442;-0,2795;0,0521;-0,9577;;False
699,56;40.07;pa010​;20250411_094227;1;TUG2;0,0898;1,4997;0,1302;-0,0447;-0,2788;0,0521;-0,9579;;False
699,57;40.08;pa010​;20250411_094227;1;TUG2;0,0897;1,4995;0,1306;-0,0463;-0,2783;0,0521;-0,9580;;False
699,59;40.1;pa010​;20250411_094227;1;TUG2;0,0895;1,4992;0,1311;-0,0482;-0,2782;0,0524;-0,9579;;False
699,60;40.11;pa010​;20250411_094227;1;TUG2;0,0895;1,4987;0,1315;-0,0508;-0,2781;0,0532;-0,9577;;False
699,61;40.12;pa010​;20250411_094227;1;TUG2;0,0894;1,4980;0,1319;-0,0542;-0,2783;0,0541;-0,9574;;False
699,63;40.14;pa010​;20250411_094227;1;TUG2;0,0893;1,4973;0,1324;-0,0574;-0,2783;0,0546;-0,9572;;False
699,64;40.15;pa010​;20250411_094227;1;TUG2;0,0893;1,4969;0,1328;-0,0600;-0,2787;0,0550;-0,9569;;False
699,66;40.17;pa010​;20250411_094227;1;TUG2;0,0895;1,4967;0,1334;-0,0606;-0,2795;0,0547;-0,9567;;False
699,67;40.18;pa010​;20250411_094227;1;TUG2;0,0897;1,4966;0,1337;-0,0606;-0,2811;0,0541;-0,9562;;False
699,68;40.19;pa010​;20250411_094227;1;TUG2;0,0899;1,4964;0,1340;-0,0606;-0,2830;0,0532;-0,9557;;False
699,70;40.21;pa010​;20250411_094227;1;TUG2;0,0901;1,4964;0,1341;-0,0606;-0,2849;0,0522;-0,9552;;False
699,71;40.22;pa010​;20250411_094227;1;TUG2;0,0904;1,4965;0,1343;-0,0601;-0,2866;0,0512;-0,9548;;False
699,73;40.23;pa010​;20250411_094227;1;TUG2;0,0909;1,4969;0,1346;-0,0586;-0,2885;0,0506;-0,9543;;False
699,74;40.25;pa010​;20250411_094227;1;TUG2;0,0914;1,4974;0,1345;-0,0563;-0,2917;0,0504;-0,9535;;False
699,75;40.26;pa010​;20250411_094227;1;TUG2;0,0921;1,4977;0,1343;-0,0546;-0,2953;0,0502;-0,9525;;False
699,77;40.28;pa010​;20250411_094227;1;TUG2;0,0929;1,4980;0,1338;-0,0532;-0,2999;0,0492;-0,9512;;False
699,78;40.29;pa010​;20250411_094227;1;TUG2;0,0939;1,4983;0,1332;-0,0520;-0,3054;0,0481;-0,9496;;False
699,79;40.3;pa010​;20250411_094227;1;TUG2;0,0949;1,4985;0,1325;-0,0508;-0,3121;0,0468;-0,9475;;False
699,81;40.32;pa010​;20250411_094227;1;TUG2;0,0963;1,4987;0,1316;-0,0496;-0,3205;0,0450;-0,9449;;False
699,82;40.33;pa010​;20250411_094227;1;TUG2;0,0979;1,4990;0,1305;-0,0492;-0,3301;0,0425;-0,9417;;False
699,84;40.35;pa010​;20250411_094227;1;TUG2;0,0994;1,4991;0,1293;-0,0492;-0,3412;0,0395;-0,9379;;False
699,85;40.36;pa010​;20250411_094227;1;TUG2;0,1010;1,4991;0,1280;-0,0499;-0,3525;0,0371;-0,9338;;False
699,86;40.37;pa010​;20250411_094227;1;TUG2;0,1026;1,4991;0,1267;-0,0506;-0,3640;0,0347;-0,9294;;False
699,88;40.39;pa010​;20250411_094227;1;TUG2;0,1042;1,4991;0,1255;-0,0513;-0,3748;0,0325;-0,9251;;False
699,89;40.4;pa010​;20250411_094227;1;TUG2;0,1056;1,4991;0,1244;-0,0518;-0,3844;0,0313;-0,9212;;False
699,91;40.42;pa010​;20250411_094227;1;TUG2;0,1069;1,4991;0,1234;-0,0514;-0,3925;0,0308;-0,9178;;False
699,92;40.43;pa010​;20250411_094227;1;TUG2;0,1080;1,4992;0,1224;-0,0511;-0,3999;0,0303;-0,9146;;False
699,93;40.44;pa010​;20250411_094227;1;TUG2;0,1089;1,4993;0,1214;-0,0514;-0,4066;0,0296;-0,9117;;False
699,95;40.46;pa010​;20250411_094227;1;TUG2;0,1098;1,4992;0,1205;-0,0515;-0,4125;0,0289;-0,9091;;False
699,96;40.47;pa010​;20250411_094227;1;TUG2;0,1105;1,4992;0,1198;-0,0519;-0,4175;0,0284;-0,9067;;False
699,98;40.48;pa010​;20250411_094227;1;TUG2;0,1112;1,4992;0,1193;-0,0517;-0,4216;0,0280;-0,9049;;False
699,99;40.5;pa010​;20250411_094227;1;TUG2;0,1116;1,4992;0,1191;-0,0512;-0,4243;0,0281;-0,9036;;False
700,00;40.51;pa010​;20250411_094227;1;TUG2;0,1120;1,4991;0,1188;-0,0507;-0,4256;0,0285;-0,9031;;False
700,02;40.53;pa010​;20250411_094227;1;TUG2;0,1122;1,4993;0,1186;-0,0504;-0,4265;0,0292;-0,9026;;False
700,03;40.54;pa010​;20250411_094227;1;TUG2;0,1125;1,4994;0,1183;-0,0493;-0,4270;0,0295;-0,9024;;False
700,04;40.55;pa010​;20250411_094227;1;TUG2;0,1126;1,4994;0,1180;-0,0483;-0,4278;0,0294;-0,9021;;False
700,06;40.57;pa010​;20250411_094227;1;TUG2;0,1127;1,4995;0,1177;-0,0481;-0,4285;0,0292;-0,9018;;False
700,07;40.58;pa010​;20250411_094227;1;TUG2;0,1129;1,4996;0,1174;-0,0480;-0,4293;0,0288;-0,9014;;False
700,09;40.6;pa010​;20250411_094227;1;TUG2;0,1131;1,4997;0,1172;-0,0480;-0,4303;0,0288;-0,9010;;False
700,10;40.61;pa010​;20250411_094227;1;TUG2;0,1132;1,4996;0,1167;-0,0479;-0,4319;0,0290;-0,9002;;False
700,11;40.62;pa010​;20250411_094227;1;TUG2;0,1132;1,4994;0,1163;-0,0487;-0,4337;0,0288;-0,8993;;False
700,13;40.64;pa010​;20250411_094227;1;TUG2;0,1132;1,4992;0,1159;-0,0500;-0,4351;0,0291;-0,8985;;False
700,14;40.65;pa010​;20250411_094227;1;TUG2;0,1133;1,4989;0,1155;-0,0507;-0,4368;0,0299;-0,8976;;False
700,16;40.67;pa010​;20250411_094227;1;TUG2;0,1136;1,4986;0,1152;-0,0511;-0,4383;0,0304;-0,8969;;False
700,17;40.68;pa010​;20250411_094227;1;TUG2;0,1137;1,4984;0,1148;-0,0514;-0,4400;0,0307;-0,8960;;False
700,18;40.69;pa010​;20250411_094227;1;TUG2;0,1136;1,4979;0,1145;-0,0521;-0,4414;0,0309;-0,8953;;False
700,20;40.71;pa010​;20250411_094227;1;TUG2;0,1135;1,4975;0,1143;-0,0537;-0,4425;0,0312;-0,8946;;False
700,21;40.72;pa010​;20250411_094227;1;TUG2;0,1133;1,4970;0,1141;-0,0557;-0,4432;0,0312;-0,8941;;False
700,23;40.73;pa010​;20250411_094227;1;TUG2;0,1130;1,4964;0,1139;-0,0579;-0,4437;0,0314;-0,8937;;False
700,24;40.75;pa010​;20250411_094227;1;TUG2;0,1127;1,4958;0,1139;-0,0602;-0,4446;0,0321;-0,8931;;False
700,25;40.76;pa010​;20250411_094227;1;TUG2;0,1124;1,4953;0,1138;-0,0623;-0,4450;0,0323;-0,8928;;False
700,27;40.78;pa010​;20250411_094227;1;TUG2;0,1121;1,4949;0,1137;-0,0640;-0,4456;0,0322;-0,8924;;False
700,28;40.79;pa010​;20250411_094227;1;TUG2;0,1118;1,4946;0,1134;-0,0648;-0,4466;0,0317;-0,8918;;False
700,29;40.8;pa010​;20250411_094227;1;TUG2;0,1114;1,4942;0,1131;-0,0653;-0,4478;0,0313;-0,8912;;False
700,31;40.82;pa010​;20250411_094227;1;TUG2;0,1109;1,4938;0,1130;-0,0665;-0,4488;0,0316;-0,8906;;False
700,32;40.83;pa010​;20250411_094227;1;TUG2;0,1104;1,4934;0,1129;-0,0672;-0,4492;0,0318;-0,8903;;False
700,34;40.85;pa010​;20250411_094227;1;TUG2;0,1100;1,4931;0,1126;-0,0679;-0,4500;0,0319;-0,8899;;False
700,35;40.86;pa010​;20250411_094227;1;TUG2;0,1096;1,4927;0,1122;-0,0687;-0,4515;0,0311;-0,8891;;False
700,36;40.87;pa010​;20250411_094227;1;TUG2;0,1092;1,4925;0,1116;-0,0699;-0,4534;0,0299;-0,8881;;False
700,38;40.89;pa010​;20250411_094227;1;TUG2;0,1088;1,4921;0,1110;-0,0712;-0,4554;0,0291;-0,8870;;False
700,39;40.9;pa010​;20250411_094227;1;TUG2;0,1085;1,4918;0,1105;-0,0726;-0,4568;0,0289;-0,8861;;False
700,41;40.91;pa010​;20250411_094227;1;TUG2;0,1086;1,4923;0,1092;-0,0727;-0,4566;0,0317;-0,8862;;False
700,42;40.93;pa010​;20250411_094227;1;TUG2;0,1080;1,4930;0,1091;-0,0741;-0,4579;0,0318;-0,8853;;False
700,43;40.94;pa010​;20250411_094227;1;TUG2;0,1080;1,4914;0,1084;-0,0653;-0,4628;0,0337;-0,8834;;False
700,45;40.96;pa010​;20250411_094227;1;TUG2;0,1076;1,4928;0,1062;-0,0705;-0,4617;0,0330;-0,8836;;False
700,46;40.97;pa010​;20250411_094227;1;TUG2;0,1073;1,4922;0,1057;-0,0690;-0,4654;0,0343;-0,8817;;False
700,48;40.98;pa010​;20250411_094227;1;TUG2;0,1068;1,4924;0,1047;-0,0691;-0,4671;0,0333;-0,8809;;False
700,49;41.0;pa010​;20250411_094227;1;TUG2;0,1063;1,4922;0,1042;-0,0686;-0,4691;0,0312;-0,8799;;False
700,50;41.01;pa010​;20250411_094227;1;TUG2;0,1056;1,4921;0,1034;-0,0711;-0,4690;0,0292;-0,8799;;False
700,52;41.03;pa010​;20250411_094227;1;TUG2;0,1052;1,4920;0,1032;-0,0726;-0,4707;0,0301;-0,8788;;False
700,53;41.04;pa010​;20250411_094227;1;TUG2;0,1049;1,4919;0,1029;-0,0724;-0,4724;0,0304;-0,8779;;False
700,54;41.05;pa010​;20250411_094227;1;TUG2;0,1046;1,4917;0,1026;-0,0725;-0,4728;0,0293;-0,8777;;False
700,56;41.07;pa010​;20250411_094227;1;TUG2;0,1041;1,4915;0,1025;-0,0727;-0,4735;0,0292;-0,8773;;False
700,57;41.08;pa010​;20250411_094227;1;TUG2;0,1034;1,4912;0,1024;-0,0734;-0,4741;0,0289;-0,8769;;False
700,59;41.09;pa010​;20250411_094227;1;TUG2;0,1027;1,4911;0,1026;-0,0751;-0,4741;0,0287;-0,8768;;False
700,60;41.11;pa010​;20250411_094227;1;TUG2;0,1022;1,4909;0,1028;-0,0757;-0,4746;0,0280;-0,8765;;False
700,61;41.12;pa010​;20250411_094227;1;TUG2;0,1006;1,4911;0,1036;-0,0726;-0,4812;0,0310;-0,8730;;False
700,63;41.14;pa010​;20250411_094227;1;TUG2;0,1013;1,4914;0,1012;-0,0741;-0,4750;0,0261;-0,8765;;False
700,64;41.15;pa010​;20250411_094227;1;TUG2;0,1002;1,4916;0,1022;-0,0770;-0,4777;0,0262;-0,8748;;False
700,66;41.16;pa010​;20250411_094227;1;TUG2;0,0991;1,4924;0,1020;-0,0734;-0,4787;0,0270;-0,8745;;False
700,67;41.18;pa010​;20250411_094227;1;TUG2;0,0987;1,4929;0,1023;-0,0728;-0,4773;0,0222;-0,8754;;False
700,68;41.19;pa010​;20250411_094227;1;TUG2;0,0966;1,4934;0,1031;-0,0732;-0,4762;0,0190;-0,8761;;False
700,70;41.21;pa010​;20250411_094227;1;TUG2;0,0960;1,4931;0,1028;-0,0686;-0,4748;0,0212;-0,8772;;False
700,71;41.22;pa010​;20250411_094227;1;TUG2;0,0952;1,4933;0,1029;-0,0685;-0,4712;0,0201;-0,8792;;False
700,73;41.23;pa010​;20250411_094227;1;TUG2;0,0948;1,4933;0,1034;-0,0679;-0,4687;0,0187;-0,8805;;False
700,74;41.25;pa010​;20250411_094227;1;TUG2;0,0953;1,4939;0,1036;-0,0686;-0,4673;0,0229;-0,8811;;False
700,75;41.26;pa010​;20250411_094227;1;TUG2;0,0944;1,4931;0,1031;-0,0691;-0,4672;0,0214;-0,8812;;False
700,77;41.28;pa010​;20250411_094227;1;TUG2;0,0943;1,4928;0,1028;-0,0716;-0,4685;0,0203;-0,8803;;False
700,78;41.29;pa010​;20250411_094227;1;TUG2;0,0943;1,4926;0,1027;-0,0730;-0,4698;0,0194;-0,8795;;False
700,79;41.3;pa010​;20250411_094227;1;TUG2;0,0942;1,4923;0,1026;-0,0730;-0,4715;0,0188;-0,8786;;False
700,81;41.32;pa010​;20250411_094227;1;TUG2;0,0941;1,4921;0,1026;-0,0744;-0,4724;0,0174;-0,8781;;False
700,82;41.33;pa010​;20250411_094227;1;TUG2;0,0939;1,4918;0,1026;-0,0747;-0,4724;0,0182;-0,8780;;False
700,84;41.35;pa010​;20250411_094227;1;TUG2;0,0938;1,4917;0,1025;-0,0762;-0,4705;0,0167;-0,8790;;False
700,85;41.36;pa010​;20250411_094227;1;TUG2;0,0937;1,4917;0,1027;-0,0766;-0,4687;0,0145;-0,8799;;False
700,87;41.37;pa010​;20250411_094227;1;TUG2;0,0936;1,4919;0,1032;-0,0720;-0,4677;0,0132;-0,8808;;False
700,88;41.39;pa010​;20250411_094227;1;TUG2;0,0937;1,4929;0,1036;-0,0646;-0,4683;0,0143;-0,8811;;False
700,89;41.4;pa010​;20250411_094227;1;TUG2;0,0937;1,4929;0,1036;-0,0627;-0,4666;0,0114;-0,8822;;False
700,91;41.42;pa010​;20250411_094227;1;TUG2;0,0932;1,4930;0,1034;-0,0622;-0,4653;0,0118;-0,8829;;False
700,92;41.43;pa010​;20250411_094227;1;TUG2;0,0933;1,4932;0,1036;-0,0622;-0,4622;0,0109;-0,8845;;False
700,93;41.44;pa010​;20250411_094227;1;TUG2;0,0930;1,4932;0,1042;-0,0613;-0,4589;0,0101;-0,8863;;False
700,95;41.46;pa010​;20250411_094227;1;TUG2;0,0927;1,4931;0,1047;-0,0593;-0,4552;0,0102;-0,8884;;False
700,96;41.47;pa010​;20250411_094227;1;TUG2;0,0926;1,4929;0,1054;-0,0586;-0,4528;0,0111;-0,8896;;False
700,98;41.49;pa010​;20250411_094227;1;TUG2;0,0926;1,4923;0,1059;-0,0570;-0,4520;0,0120;-0,8901;;False
700,99;41.5;pa010​;20250411_094227;1;TUG2;0,0928;1,4920;0,1068;-0,0547;-0,4514;0,0108;-0,8906;;False
701,00;41.51;pa010​;20250411_094227;1;TUG2;0,0930;1,4918;0,1068;-0,0549;-0,4518;0,0116;-0,8903;;False
701,02;41.53;pa010​;20250411_094227;1;TUG2;0,0930;1,4910;0,1065;-0,0591;-0,4517;0,0119;-0,8901;;False
701,03;41.54;pa010​;20250411_094227;1;TUG2;0,0929;1,4906;0,1064;-0,0643;-0,4510;0,0127;-0,8901;;False
701,04;41.55;pa010​;20250411_094227;1;TUG2;0,0930;1,4901;0,1066;-0,0654;-0,4496;0,0125;-0,8907;;False
701,06;41.57;pa010​;20250411_094227;1;TUG2;0,0932;1,4906;0,1069;-0,0628;-0,4470;0,0127;-0,8922;;False
701,07;41.58;pa010​;20250411_094227;1;TUG2;0,0935;1,4904;0,1074;-0,0587;-0,4453;0,0110;-0,8934;;False
701,09;41.6;pa010​;20250411_094227;1;TUG2;0,0934;1,4901;0,1076;-0,0564;-0,4431;0,0105;-0,8946;;False
701,10;41.61;pa010​;20250411_094227;1;TUG2;0,0934;1,4895;0,1082;-0,0542;-0,4431;0,0072;-0,8948;;False
701,11;41.62;pa010​;20250411_094227;1;TUG2;0,0946;1,4889;0,1086;-0,0529;-0,4391;0,0042;-0,8969;;False
701,13;41.64;pa010​;20250411_094227;1;TUG2;0,0941;1,4883;0,1093;-0,0539;-0,4377;0,0044;-0,8975;;False
701,14;41.65;pa010​;20250411_094227;1;TUG2;0,0937;1,4872;0,1097;-0,0584;-0,4350;0,0088;-0,8985;;False
701,16;41.67;pa010​;20250411_094227;1;TUG2;0,0935;1,4864;0,1103;-0,0653;-0,4303;0,0107;-0,9003;;False
701,17;41.68;pa010​;20250411_094227;1;TUG2;0,0936;1,4858;0,1115;-0,0680;-0,4238;0,0107;-0,9032;;False
701,18;41.69;pa010​;20250411_094227;1;TUG2;0,0931;1,4850;0,1128;-0,0660;-0,4183;0,0120;-0,9058;;False
701,20;41.71;pa010​;20250411_094227;1;TUG2;0,0928;1,4847;0,1141;-0,0640;-0,4147;0,0152;-0,9076;;False
701,21;41.72;pa010​;20250411_094227;1;TUG2;0,0928;1,4840;0,1151;-0,0611;-0,4118;0,0174;-0,9090;;False
701,23;41.73;pa010​;20250411_094227;1;TUG2;0,0930;1,4832;0,1160;-0,0600;-0,4088;0,0194;-0,9105;;False
701,24;41.75;pa010​;20250411_094227;1;TUG2;0,0929;1,4821;0,1167;-0,0641;-0,4032;0,0172;-0,9127;;False
701,25;41.76;pa010​;20250411_094227;1;TUG2;0,0921;1,4813;0,1171;-0,0706;-0,3994;0,0197;-0,9138;;False
701,27;41.78;pa010​;20250411_094227;1;TUG2;0,0915;1,4804;0,1175;-0,0767;-0,3951;0,0207;-0,9152;;False
701,28;41.79;pa010​;20250411_094227;1;TUG2;0,0914;1,4797;0,1182;-0,0808;-0,3894;0,0205;-0,9173;;False
701,30;41.8;pa010​;20250411_094227;1;TUG2;0,0908;1,4791;0,1189;-0,0832;-0,3824;0,0185;-0,9200;;False
701,31;41.82;pa010​;20250411_094227;1;TUG2;0,0896;1,4781;0,1196;-0,0852;-0,3740;0,0180;-0,9233;;False
701,32;41.83;pa010​;20250411_094227;1;TUG2;0,0880;1,4772;0,1200;-0,0914;-0,3649;0,0209;-0,9263;;False
701,34;41.85;pa010​;20250411_094227;1;TUG2;0,0868;1,4766;0,1206;-0,0972;-0,3569;0,0265;-0,9287;;False
701,35;41.86;pa010​;20250411_094227;1;TUG2;0,0858;1,4754;0,1209;-0,0991;-0,3506;0,0301;-0,9308;;False
701,36;41.87;pa010​;20250411_094227;1;TUG2;0,0850;1,4749;0,1215;-0,1039;-0,3435;0,0298;-0,9329;;False
701,38;41.89;pa010​;20250411_094227;1;TUG2;0,0857;1,4753;0,1208;-0,1061;-0,3310;0,0236;-0,9373;;False
701,39;41.9;pa010​;20250411_094227;1;TUG2;0,0833;1,4742;0,1240;-0,1091;-0,3283;0,0302;-0,9377;;False
701,41;41.92;pa010​;20250411_094227;1;TUG2;0,0814;1,4744;0,1241;-0,1133;-0,3180;0,0321;-0,9407;;False
701,42;41.93;pa010​;20250411_094227;1;TUG2;0,0807;1,4741;0,1250;-0,1125;-0,3123;0,0364;-0,9426;;False
701,43;41.94;pa010​;20250411_094227;1;TUG2;0,0795;1,4740;0,1257;-0,1135;-0,3048;0,0388;-0,9448;;False
701,45;41.96;pa010​;20250411_094227;1;TUG2;0,0784;1,4741;0,1264;-0,1162;-0,2954;0,0411;-0,9474;;False
701,46;41.97;pa010​;20250411_094227;1;TUG2;0,0771;1,4742;0,1270;-0,1165;-0,2880;0,0424;-0,9496;;False
701,48;41.98;pa010​;20250411_094227;1;TUG2;0,0763;1,4745;0,1277;-0,1182;-0,2802;0,0423;-0,9517;;False
701,49;42.0;pa010​;20250411_094227;1;TUG2;0,0755;1,4736;0,1278;-0,1183;-0,2721;0,0365;-0,9543;;False
701,50;42.01;pa010​;20250411_094227;1;TUG2;0,0743;1,4738;0,1283;-0,1224;-0,2633;0,0371;-0,9562;;False
701,52;42.03;pa010​;20250411_094227;1;TUG2;0,0732;1,4742;0,1287;-0,1268;-0,2543;0,0374;-0,9580;;False
701,53;42.04;pa010​;20250411_094227;1;TUG2;0,0721;1,4742;0,1291;-0,1290;-0,2456;0,0383;-0,9600;;False
701,54;42.05;pa010​;20250411_094227;1;TUG2;0,0708;1,4749;0,1298;-0,1323;-0,2369;0,0399;-0,9617;;False
701,56;42.07;pa010​;20250411_094227;1;TUG2;0,0696;1,4757;0,1303;-0,1326;-0,2285;0,0415;-0,9636;;False
701,57;42.08;pa010​;20250411_094227;1;TUG2;0,0685;1,4763;0,1309;-0,1318;-0,2197;0,0421;-0,9657;;False
701,59;42.1;pa010​;20250411_094227;1;TUG2;0,0675;1,4774;0,1312;-0,1325;-0,2114;0,0425;-0,9674;;False
701,60;42.11;pa010​;20250411_094227;1;TUG2;0,0669;1,4783;0,1318;-0,1311;-0,2030;0,0422;-0,9695;;False
701,61;42.12;pa010​;20250411_094227;1;TUG2;0,0657;1,4793;0,1326;-0,1283;-0,1951;0,0418;-0,9714;;False
701,63;42.14;pa010​;20250411_094227;1;TUG2;0,0644;1,4801;0,1332;-0,1226;-0,1870;0,0436;-0,9737;;False
701,64;42.15;pa010​;20250411_094227;1;TUG2;0,0632;1,4808;0,1334;-0,1186;-0,1781;0,0432;-0,9759;;False
701,66;42.17;pa010​;20250411_094227;1;TUG2;0,0622;1,4813;0,1333;-0,1165;-0,1697;0,0422;-0,9777;;False
701,67;42.18;pa010​;20250411_094227;1;TUG2;0,0607;1,4822;0,1325;-0,1155;-0,1652;0,0394;-0,9787;;False
701,68;42.19;pa010​;20250411_094227;1;TUG2;0,0608;1,4820;0,1331;-0,1168;-0,1544;0,0392;-0,9803;;False
701,70;42.21;pa010​;20250411_094227;1;TUG2;0,0598;1,4825;0,1332;-0,1175;-0,1467;0,0387;-0,9814;;False
701,71;42.22;pa010​;20250411_094227;1;TUG2;0,0592;1,4826;0,1339;-0,1161;-0,1404;0,0396;-0,9825;;False
701,73;42.24;pa010​;20250411_094227;1;TUG2;0,0587;1,4828;0,1348;-0,1128;-0,1342;0,0392;-0,9837;;False
701,74;42.25;pa010​;20250411_094227;1;TUG2;0,0581;1,4827;0,1356;-0,1114;-0,1266;0,0384;-0,9849;;False
701,75;42.26;pa010​;20250411_094227;1;TUG2;0,0572;1,4823;0,1360;-0,1125;-0,1193;0,0390;-0,9857;;False
701,77;42.28;pa010​;20250411_094227;1;TUG2;0,0564;1,4815;0,1362;-0,1157;-0,1120;0,0398;-0,9861;;False
701,78;42.29;pa010​;20250411_094227;1;TUG2;0,0558;1,4812;0,1363;-0,1212;-0,1045;0,0399;-0,9863;;False
701,80;42.31;pa010​;20250411_094227;1;TUG2;0,0550;1,4810;0,1365;-0,1261;-0,0989;0,0387;-0,9863;;False
701,81;42.32;pa010​;20250411_094227;1;TUG2;0,0547;1,4809;0,1372;-0,1298;-0,0921;0,0383;-0,9865;;False
701,82;42.33;pa010​;20250411_094227;1;TUG2;0,0547;1,4804;0,1375;-0,1277;-0,0869;0,0379;-0,9873;;False
701,84;42.35;pa010​;20250411_094227;1;TUG2;0,0541;1,4805;0,1381;-0,1278;-0,0820;0,0365;-0,9877;;False
701,85;42.36;pa010​;20250411_094227;1;TUG2;0,0538;1,4802;0,1385;-0,1277;-0,0770;0,0366;-0,9881;;False
701,87;42.37;pa010​;20250411_094227;1;TUG2;0,0535;1,4800;0,1387;-0,1293;-0,0715;0,0359;-0,9884;;False
701,88;42.39;pa010​;20250411_094227;1;TUG2;0,0534;1,4797;0,1391;-0,1300;-0,0661;0,0351;-0,9887;;False
701,89;42.4;pa010​;20250411_094227;1;TUG2;0,0532;1,4794;0,1396;-0,1300;-0,0613;0,0359;-0,9890;;False
701,91;42.42;pa010​;20250411_094227;1;TUG2;0,0532;1,4790;0,1401;-0,1305;-0,0564;0,0358;-0,9892;;False
701,92;42.43;pa010​;20250411_094227;1;TUG2;0,0531;1,4783;0,1407;-0,1320;-0,0520;0,0358;-0,9892;;False
701,95;42.46;pa010​;20250411_094227;1;TUG2;0,0531;1,4766;0,1412;-0,1378;-0,0445;0,0352;-0,9888;;False
701,96;42.47;pa010​;20250411_094227;1;TUG2;0,0533;1,4760;0,1416;-0,1404;-0,0410;0,0348;-0,9886;;False
701,98;42.48;pa010​;20250411_094227;1;TUG2;0,0534;1,4757;0,1420;-0,1424;-0,0382;0,0334;-0,9885;;False
701,99;42.5;pa010​;20250411_094227;1;TUG2;0,0536;1,4755;0,1424;-0,1433;-0,0361;0,0326;-0,9885;;False
702,00;42.51;pa010​;20250411_094227;1;TUG2;0,0538;1,4753;0,1428;-0,1433;-0,0341;0,0320;-0,9886;;False
702,02;42.53;pa010​;20250411_094227;1;TUG2;0,0541;1,4753;0,1430;-0,1427;-0,0320;0,0322;-0,9887;;False
702,03;42.54;pa010​;20250411_094227;1;TUG2;0,0546;1,4756;0,1432;-0,1420;-0,0301;0,0327;-0,9889;;False
702,05;42.55;pa010​;20250411_094227;1;TUG2;0,0551;1,4762;0,1435;-0,1403;-0,0288;0,0337;-0,9891;;False
702,06;42.57;pa010​;20250411_094227;1;TUG2;0,0556;1,4769;0,1438;-0,1376;-0,0282;0,0345;-0,9895;;False
702,07;42.58;pa010​;20250411_094227;1;TUG2;0,0561;1,4776;0,1441;-0,1347;-0,0280;0,0347;-0,9899;;False
702,09;42.6;pa010​;20250411_094227;1;TUG2;0,0567;1,4784;0,1445;-0,1319;-0,0284;0,0344;-0,9903;;False
702,10;42.61;pa010​;20250411_094227;1;TUG2;0,0574;1,4790;0,1448;-0,1290;-0,0290;0,0342;-0,9906;;False
702,11;42.62;pa010​;20250411_094227;1;TUG2;0,0578;1,4797;0,1451;-0,1272;-0,0292;0,0334;-0,9909;;False
702,13;42.64;pa010​;20250411_094227;1;TUG2;0,0582;1,4805;0,1454;-0,1256;-0,0283;0,0330;-0,9911;;False
702,14;42.65;pa010​;20250411_094227;1;TUG2;0,0586;1,4816;0,1458;-0,1233;-0,0269;0,0330;-0,9915;;False
702,16;42.66;pa010​;20250411_094227;1;TUG2;0,0590;1,4828;0,1464;-0,1189;-0,0253;0,0333;-0,9920;;False
702,17;42.68;pa010​;20250411_094227;1;TUG2;0,0592;1,4839;0,1469;-0,1140;-0,0241;0,0341;-0,9926;;False
702,18;42.69;pa010​;20250411_094227;1;TUG2;0,0597;1,4853;0,1473;-0,1091;-0,0240;0,0344;-0,9931;;False
702,20;42.71;pa010​;20250411_094227;1;TUG2;0,0605;1,4867;0,1477;-0,1044;-0,0249;0,0338;-0,9936;;False
702,21;42.72;pa010​;20250411_094227;1;TUG2;0,0614;1,4879;0,1483;-0,0980;-0,0263;0,0334;-0,9943;;False
702,23;42.73;pa010​;20250411_094227;1;TUG2;0,0623;1,4892;0,1489;-0,0914;-0,0291;0,0330;-0,9948;;False
702,24;42.75;pa010​;20250411_094227;1;TUG2;0,0637;1,4904;0,1496;-0,0845;-0,0327;0,0330;-0,9953;;False
702,25;42.76;pa010​;20250411_094227;1;TUG2;0,0652;1,4918;0,1504;-0,0783;-0,0378;0,0329;-0,9957;;False
702,27;42.78;pa010​;20250411_094227;1;TUG2;0,0671;1,4931;0,1513;-0,0710;-0,0442;0,0325;-0,9960;;False
702,28;42.79;pa010​;20250411_094227;1;TUG2;0,0692;1,4942;0,1521;-0,0632;-0,0527;0,0317;-0,9961;;False
702,30;42.8;pa010​;20250411_094227;1;TUG2;0,0716;1,4951;0,1533;-0,0569;-0,0626;0,0297;-0,9960;;False
702,31;42.82;pa010​;20250411_094227;1;TUG2;0,0740;1,4958;0,1542;-0,0522;-0,0739;0,0275;-0,9955;;False
702,32;42.83;pa010​;20250411_094227;1;TUG2;0,0766;1,4965;0,1553;-0,0485;-0,0855;0,0249;-0,9948;;False
702,34;42.85;pa010​;20250411_094227;1;TUG2;0,0787;1,4972;0,1563;-0,0454;-0,0966;0,0224;-0,9940;;False
702,35;42.86;pa010​;20250411_094227;1;TUG2;0,0808;1,4977;0,1576;-0,0431;-0,1058;0,0211;-0,9932;;False
702,37;42.88;pa010​;20250411_094227;1;TUG2;0,0825;1,4980;0,1588;-0,0413;-0,1140;0,0204;-0,9924;;False
702,38;42.89;pa010​;20250411_094227;1;TUG2;0,0841;1,4984;0,1602;-0,0396;-0,1220;0,0204;-0,9915;;False
702,39;42.9;pa010​;20250411_094227;1;TUG2;0,0853;1,4985;0,1616;-0,0373;-0,1287;0,0201;-0,9908;;False
702,41;42.92;pa010​;20250411_094227;1;TUG2;0,0865;1,4987;0,1629;-0,0361;-0,1344;0,0203;-0,9901;;False
702,42;42.93;pa010​;20250411_094227;1;TUG2;0,0876;1,4991;0,1644;-0,0341;-0,1397;0,0200;-0,9894;;False
702,43;42.94;pa010​;20250411_094227;1;TUG2;0,0887;1,4998;0,1659;-0,0309;-0,1440;0,0197;-0,9889;;False
702,45;42.96;pa010​;20250411_094227;1;TUG2;0,0897;1,5002;0,1672;-0,0268;-0,1472;0,0198;-0,9885;;False
702,46;42.97;pa010​;20250411_094227;1;TUG2;0,0909;1,5005;0,1682;-0,0245;-0,1499;0,0193;-0,9882;;False
702,48;42.99;pa010​;20250411_094227;1;TUG2;0,0924;1,5006;0,1687;-0,0238;-0,1521;0,0200;-0,9879;;False
702,49;43.0;pa010​;20250411_094227;1;TUG2;0,0939;1,5007;0,1690;-0,0232;-0,1553;0,0209;-0,9874;;False
702,50;43.01;pa010​;20250411_094227;1;TUG2;0,0955;1,5013;0,1693;-0,0224;-0,1598;0,0222;-0,9866;;False
702,52;43.03;pa010​;20250411_094227;1;TUG2;0,0972;1,5021;0,1695;-0,0195;-0,1647;0,0238;-0,9859;;False
702,53;43.04;pa010​;20250411_094227;1;TUG2;0,0989;1,5031;0,1694;-0,0154;-0,1710;0,0253;-0,9848;;False
702,54;43.05;pa010​;20250411_094227;1;TUG2;0,1005;1,5041;0,1695;-0,0112;-0,1781;0,0269;-0,9836;;False
702,56;43.07;pa010​;20250411_094227;1;TUG2;0,1019;1,5049;0,1697;-0,0071;-0,1854;0,0268;-0,9823;;False
702,57;43.08;pa010​;20250411_094227;1;TUG2;0,1028;1,5056;0,1699;-0,0046;-0,1928;0,0254;-0,9809;;False
702,59;43.1;pa010​;20250411_094227;1;TUG2;0,1038;1,5063;0,1702;-0,0029;-0,1989;0,0235;-0,9797;;False
702,60;43.11;pa010​;20250411_094227;1;TUG2;0,1047;1,5069;0,1706;-0,0014;-0,2050;0,0232;-0,9785;;False
702,61;43.12;pa010​;20250411_094227;1;TUG2;0,1055;1,5073;0,1708;-0,0002;-0,2116;0,0228;-0,9771;;False
702,63;43.14;pa010​;20250411_094227;1;TUG2;0,1065;1,5076;0,1709;0,0003;-0,2171;0,0233;-0,9759;;False
702,64;43.15;pa010​;20250411_094227;1;TUG2;0,1073;1,5079;0,1708;0,0012;-0,2234;0,0240;-0,9744;;False
702,65;43.16;pa010​;20250411_094227;1;TUG2;0,1085;1,5082;0,1704;0,0021;-0,2303;0,0237;-0,9728;;False
702,67;43.18;pa010​;20250411_094227;1;TUG2;0,1099;1,5088;0,1698;0,0023;-0,2394;0,0232;-0,9706;;False
702,68;43.19;pa010​;20250411_094227;1;TUG2;0,1118;1,5092;0,1687;0,0035;-0,2509;0,0211;-0,9678;;False
702,70;43.21;pa010​;20250411_094227;1;TUG2;0,1135;1,5098;0,1675;0,0040;-0,2650;0,0175;-0,9641;;False
702,71;43.22;pa010​;20250411_094227;1;TUG2;0,1154;1,5103;0,1660;0,0043;-0,2794;0,0145;-0,9601;;False
702,72;43.23;pa010​;20250411_094227;1;TUG2;0,1174;1,5106;0,1644;0,0041;-0,2943;0,0111;-0,9556;;False
702,74;43.25;pa010​;20250411_094227;1;TUG2;0,1197;1,5106;0,1627;0,0045;-0,3103;0,0084;-0,9506;;False
702,75;43.26;pa010​;20250411_094227;1;TUG2;0,1220;1,5105;0,1607;0,0042;-0,3274;0,0058;-0,9448;;False
702,77;43.28;pa010​;20250411_094227;1;TUG2;0,1243;1,5101;0,1586;0,0027;-0,3447;0,0028;-0,9387;;False
702,78;43.29;pa010​;20250411_094227;1;TUG2;0,1265;1,5097;0,1566;0,0005;-0,3610;-0,0001;-0,9326;;False
702,79;43.3;pa010​;20250411_094227;1;TUG2;0,1284;1,5092;0,1547;-0,0007;-0,3765;-0,0015;-0,9264;;False
702,81;43.32;pa010​;20250411_094227;1;TUG2;0,1300;1,5087;0,1529;-0,0019;-0,3900;-0,0013;-0,9208;;False
702,82;43.33;pa010​;20250411_094227;1;TUG2;0,1314;1,5086;0,1511;-0,0035;-0,4006;-0,0011;-0,9163;;False
702,84;43.34;pa010​;20250411_094227;1;TUG2;0,1325;1,5084;0,1491;-0,0039;-0,4095;-0,0008;-0,9123;;False
702,85;43.36;pa010​;20250411_094227;1;TUG2;0,1334;1,5082;0,1473;-0,0037;-0,4176;-0,0009;-0,9086;;False
702,86;43.37;pa010​;20250411_094227;1;TUG2;0,1340;1,5081;0,1454;-0,0031;-0,4246;-0,0006;-0,9054;;False
702,88;43.39;pa010​;20250411_094227;1;TUG2;0,1345;1,5078;0,1436;-0,0019;-0,4310;-0,0005;-0,9024;;False
702,89;43.4;pa010​;20250411_094227;1;TUG2;0,1351;1,5080;0,1419;-0,0022;-0,4358;0,0000;-0,9001;;False
702,91;43.41;pa010​;20250411_094227;1;TUG2;0,1357;1,5080;0,1402;-0,0015;-0,4399;0,0003;-0,8980;;False
702,92;43.43;pa010​;20250411_094227;1;TUG2;0,1364;1,5082;0,1385;-0,0007;-0,4438;0,0017;-0,8961;;False
702,93;43.44;pa010​;20250411_094227;1;TUG2;0,1371;1,5082;0,1369;0,0002;-0,4474;0,0023;-0,8943;;False
702,95;43.46;pa010​;20250411_094227;1;TUG2;0,1377;1,5082;0,1353;0,0009;-0,4514;0,0032;-0,8923;;False
702,96;43.47;pa010​;20250411_094227;1;TUG2;0,1383;1,5083;0,1337;0,0013;-0,4559;0,0041;-0,8900;;False
702,98;43.48;pa010​;20250411_094227;1;TUG2;0,1389;1,5084;0,1322;0,0015;-0,4601;0,0042;-0,8879;;False
702,99;43.5;pa010​;20250411_094227;1;TUG2;0,1395;1,5083;0,1308;0,0032;-0,4640;0,0039;-0,8858;;False
703,00;43.51;pa010​;20250411_094227;1;TUG2;0,1400;1,5084;0,1295;0,0043;-0,4682;0,0042;-0,8836;;False
703,02;43.53;pa010​;20250411_094227;1;TUG2;0,1405;1,5082;0,1282;0,0049;-0,4718;0,0040;-0,8817;;False
703,03;43.54;pa010​;20250411_094227;1;TUG2;0,1408;1,5079;0,1271;0,0059;-0,4753;0,0045;-0,8798;;False
703,04;43.55;pa010​;20250411_094227;1;TUG2;0,1412;1,5076;0,1261;0,0063;-0,4782;0,0050;-0,8782;;False
703,06;43.57;pa010​;20250411_094227;1;TUG2;0,1415;1,5073;0,1251;0,0065;-0,4806;0,0053;-0,8769;;False
703,07;43.58;pa010​;20250411_094227;1;TUG2;0,1416;1,5071;0,1243;0,0063;-0,4832;0,0056;-0,8755;;False
703,09;43.6;pa010​;20250411_094227;1;TUG2;0,1420;1,5071;0,1236;0,0058;-0,4850;0,0058;-0,8745;;False
703,10;43.61;pa010​;20250411_094227;1;TUG2;0,1423;1,5068;0,1227;0,0056;-0,4872;0,0062;-0,8732;;False
703,11;43.62;pa010​;20250411_094227;1;TUG2;0,1426;1,5065;0,1219;0,0053;-0,4895;0,0072;-0,8720;;False
703,13;43.64;pa010​;20250411_094227;1;TUG2;0,1429;1,5063;0,1213;0,0052;-0,4919;0,0085;-0,8706;;False
703,14;43.65;pa010​;20250411_094227;1;TUG2;0,1432;1,5061;0,1208;0,0049;-0,4941;0,0098;-0,8693;;False
703,16;43.67;pa010​;20250411_094227;1;TUG2;0,1433;1,5059;0,1203;0,0047;-0,4963;0,0108;-0,8681;;False
703,17;43.68;pa010​;20250411_094227;1;TUG2;0,1433;1,5057;0,1198;0,0036;-0,4977;0,0122;-0,8672;;False
703,18;43.69;pa010​;20250411_094227;1;TUG2;0,1431;1,5054;0,1195;0,0024;-0,4991;0,0132;-0,8664;;False
703,20;43.71;pa010​;20250411_094227;1;TUG2;0,1429;1,5053;0,1193;0,0013;-0,5004;0,0134;-0,8657;;False
703,21;43.72;pa010​;20250411_094227;1;TUG2;0,1427;1,5053;0,1193;0,0006;-0,5013;0,0126;-0,8652;;False
703,23;43.73;pa010​;20250411_094227;1;TUG2;0,1426;1,5052;0,1190;0,0007;-0,5019;0,0117;-0,8648;;False
703,24;43.75;pa010​;20250411_094227;1;TUG2;0,1422;1,5053;0,1192;0,0011;-0,5024;0,0112;-0,8646;;False
703,25;43.76;pa010​;20250411_094227;1;TUG2;0,1414;1,5056;0,1199;0,0011;-0,5022;0,0112;-0,8647;;False
703,27;43.78;pa010​;20250411_094227;1;TUG2;0,1409;1,5057;0,1203;0,0014;-0,5019;0,0111;-0,8648;;False
703,28;43.79;pa010​;20250411_094227;1;TUG2;0,1405;1,5058;0,1207;0,0019;-0,5018;0,0107;-0,8649;;False
703,29;43.8;pa010​;20250411_094227;1;TUG2;0,1402;1,5057;0,1211;0,0026;-0,5015;0,0098;-0,8651;;False
703,31;43.82;pa010​;20250411_094227;1;TUG2;0,1398;1,5057;0,1216;0,0024;-0,5014;0,0095;-0,8652;;False
703,32;43.83;pa010​;20250411_094227;1;TUG2;0,1394;1,5055;0,1221;0,0019;-0,5015;0,0093;-0,8651;;False
703,34;43.85;pa010​;20250411_094227;1;TUG2;0,1390;1,5053;0,1227;0,0009;-0,5015;0,0091;-0,8651;;False
703,35;43.86;pa010​;20250411_094227;1;TUG2;0,1386;1,5051;0,1233;-0,0004;-0,5013;0,0094;-0,8652;;False
703,36;43.87;pa010​;20250411_094227;1;TUG2;0,1382;1,5049;0,1239;-0,0018;-0,5007;0,0095;-0,8656;;False
703,38;43.89;pa010​;20250411_094227;1;TUG2;0,1377;1,5048;0,1245;-0,0028;-0,4995;0,0095;-0,8663;;False
703,39;43.9;pa010​;20250411_094227;1;TUG2;0,1373;1,5049;0,1251;-0,0035;-0,4981;0,0102;-0,8671;;False
703,41;43.92;pa010​;20250411_094227;1;TUG2;0,1368;1,5049;0,1257;-0,0036;-0,4965;0,0108;-0,8679;;False
703,42;43.93;pa010​;20250411_094227;1;TUG2;0,1362;1,5050;0,1262;-0,0035;-0,4953;0,0107;-0,8686;;False
703,43;43.94;pa010​;20250411_094227;1;TUG2;0,1358;1,5052;0,1266;-0,0032;-0,4943;0,0102;-0,8692;;False
703,45;43.96;pa010​;20250411_094227;1;TUG2;0,1354;1,5054;0,1270;-0,0028;-0,4937;0,0099;-0,8696;;False
703,46;43.97;pa010​;20250411_094227;1;TUG2;0,1349;1,5055;0,1274;-0,0024;-0,4934;0,0091;-0,8697;;False
703,48;43.99;pa010​;20250411_094227;1;TUG2;0,1345;1,5055;0,1278;-0,0025;-0,4930;0,0087;-0,8700;;False
703,49;44.0;pa010​;20250411_094227;1;TUG2;0,1339;1,5056;0,1282;-0,0031;-0,4926;0,0082;-0,8702;;False
703,50;44.01;pa010​;20250411_094227;1;TUG2;0,1335;1,5057;0,1287;-0,0034;-0,4917;0,0083;-0,8707;;False
703,52;44.03;pa010​;20250411_094227;1;TUG2;0,1330;1,5058;0,1292;-0,0034;-0,4906;0,0079;-0,8713;;False
703,53;44.04;pa010​;20250411_094227;1;TUG2;0,1325;1,5060;0,1297;-0,0034;-0,4894;0,0077;-0,8720;;False
703,55;44.05;pa010​;20250411_094227;1;TUG2;0,1321;1,5061;0,1301;-0,0033;-0,4882;0,0075;-0,8727;;False
703,56;44.07;pa010​;20250411_094227;1;TUG2;0,1317;1,5062;0,1305;-0,0029;-0,4872;0,0073;-0,8733;;False
703,57;44.08;pa010​;20250411_094227;1;TUG2;0,1313;1,5063;0,1308;-0,0031;-0,4865;0,0072;-0,8737;;False
703,59;44.1;pa010​;20250411_094227;1;TUG2;0,1309;1,5063;0,1311;-0,0037;-0,4858;0,0071;-0,8740;;False
703,60;44.11;pa010​;20250411_094227;1;TUG2;0,1306;1,5064;0,1312;-0,0044;-0,4854;0,0066;-0,8743;;False
703,61;44.12;pa010​;20250411_094227;1;TUG2;0,1303;1,5067;0,1314;-0,0048;-0,4851;0,0063;-0,8744;;False
703,63;44.14;pa010​;20250411_094227;1;TUG2;0,1298;1,5069;0,1315;-0,0049;-0,4847;0,0061;-0,8746;;False
703,64;44.15;pa010​;20250411_094227;1;TUG2;0,1294;1,5072;0,1315;-0,0053;-0,4841;0,0053;-0,8750;;False
703,66;44.17;pa010​;20250411_094227;1;TUG2;0,1289;1,5078;0,1314;-0,0054;-0,4832;0,0042;-0,8755;;False
703,67;44.18;pa010​;20250411_094227;1;TUG2;0,1284;1,5084;0,1315;-0,0043;-0,4820;0,0041;-0,8761;;False
703,68;44.19;pa010​;20250411_094227;1;TUG2;0,1279;1,5090;0,1316;-0,0024;-0,4795;0,0039;-0,8775;;False
703,70;44.21;pa010​;20250411_094227;1;TUG2;0,1273;1,5095;0,1316;0,0000;-0,4767;0,0042;-0,8791;;False
703,71;44.22;pa010​;20250411_094227;1;TUG2;0,1269;1,5099;0,1316;0,0026;-0,4739;0,0050;-0,8806;;False
703,73;44.23;pa010​;20250411_094227;1;TUG2;0,1264;1,5100;0,1315;0,0048;-0,4713;0,0053;-0,8820;;False
703,74;44.25;pa010​;20250411_094227;1;TUG2;0,1261;1,5099;0,1314;0,0051;-0,4685;0,0062;-0,8834;;False
703,75;44.26;pa010​;20250411_094227;1;TUG2;0,1260;1,5098;0,1313;0,0047;-0,4667;0,0062;-0,8844;;False
703,77;44.28;pa010​;20250411_094227;1;TUG2;0,1260;1,5098;0,1315;0,0042;-0,4654;0,0063;-0,8851;;False
703,78;44.29;pa010​;20250411_094227;1;TUG2;0,1257;1,5099;0,1315;0,0032;-0,4636;0,0061;-0,8860;;False
703,79;44.3;pa010​;20250411_094227;1;TUG2;0,1259;1,5095;0,1317;0,0007;-0,4622;0,0066;-0,8867;;False
703,81;44.32;pa010​;20250411_094227;1;TUG2;0,1263;1,5085;0,1318;-0,0024;-0,4607;0,0076;-0,8875;;False
703,82;44.33;pa010​;20250411_094227;1;TUG2;0,1264;1,5082;0,1316;-0,0048;-0,4591;0,0091;-0,8883;;False
703,84;44.35;pa010​;20250411_094227;1;TUG2;0,1266;1,5079;0,1314;-0,0062;-0,4576;0,0098;-0,8891;;False
703,85;44.36;pa010​;20250411_094227;1;TUG2;0,1268;1,5078;0,1309;-0,0063;-0,4556;0,0103;-0,8901;;False
703,86;44.37;pa010​;20250411_094227;1;TUG2;0,1267;1,5075;0,1303;-0,0062;-0,4545;0,0109;-0,8907;;False
703,88;44.39;pa010​;20250411_094227;1;TUG2;0,1264;1,5073;0,1296;-0,0072;-0,4532;0,0117;-0,8913;;False
703,89;44.4;pa010​;20250411_094227;1;TUG2;0,1262;1,5073;0,1289;-0,0087;-0,4513;0,0113;-0,8923;;False
703,91;44.42;pa010​;20250411_094227;1;TUG2;0,1259;1,5076;0,1282;-0,0089;-0,4496;0,0108;-0,8931;;False
703,92;44.43;pa010​;20250411_094227;1;TUG2;0,1257;1,5081;0,1274;-0,0082;-0,4479;0,0101;-0,8940;;False
703,93;44.44;pa010​;20250411_094227;1;TUG2;0,1256;1,5087;0,1266;-0,0068;-0,4460;0,0094;-0,8949;;False
703,95;44.46;pa010​;20250411_094227;1;TUG2;0,1254;1,5090;0,1256;-0,0050;-0,4445;0,0093;-0,8957;;False
703,96;44.47;pa010​;20250411_094227;1;TUG2;0,1252;1,5092;0,1246;-0,0040;-0,4429;0,0094;-0,8965;;False
703,98;44.49;pa010​;20250411_094227;1;TUG2;0,1251;1,5093;0,1235;-0,0036;-0,4412;0,0094;-0,8973;;False
703,99;44.5;pa010​;20250411_094227;1;TUG2;0,1251;1,5094;0,1224;-0,0033;-0,4398;0,0105;-0,8980;;False
704,00;44.51;pa010​;20250411_094227;1;TUG2;0,1252;1,5095;0,1213;-0,0034;-0,4388;0,0113;-0,8985;;False
704,02;44.53;pa010​;20250411_094227;1;TUG2;0,1254;1,5094;0,1203;-0,0038;-0,4382;0,0121;-0,8988;;False
704,03;44.54;pa010​;20250411_094227;1;TUG2;0,1256;1,5093;0,1194;-0,0050;-0,4378;0,0130;-0,8990;;False
704,05;44.55;pa010​;20250411_094227;1;TUG2;0,1258;1,5091;0,1186;-0,0063;-0,4372;0,0138;-0,8992;;False
704,06;44.57;pa010​;20250411_094227;1;TUG2;0,1259;1,5090;0,1179;-0,0075;-0,4366;0,0143;-0,8995;;False
704,07;44.58;pa010​;20250411_094227;1;TUG2;0,1261;1,5089;0,1175;-0,0081;-0,4354;0,0146;-0,9001;;False
704,09;44.59;pa010​;20250411_094227;1;TUG2;0,1264;1,5088;0,1172;-0,0081;-0,4337;0,0149;-0,9009;;False
704,10;44.61;pa010​;20250411_094227;1;TUG2;0,1264;1,5087;0,1170;-0,0078;-0,4313;0,0153;-0,9020;;False
704,11;44.62;pa010​;20250411_094227;1;TUG2;0,1263;1,5084;0,1169;-0,0087;-0,4281;0,0162;-0,9035;;False
704,13;44.64;pa010​;20250411_094227;1;TUG2;0,1262;1,5081;0,1169;-0,0101;-0,4243;0,0177;-0,9053;;False
704,14;44.65;pa010​;20250411_094227;1;TUG2;0,1262;1,5080;0,1167;-0,0113;-0,4204;0,0188;-0,9071;;False
704,16;44.67;pa010​;20250411_094227;1;TUG2;0,1259;1,5075;0,1175;-0,0129;-0,4157;0,0203;-0,9092;;False
704,17;44.68;pa010​;20250411_094227;1;TUG2;0,1255;1,5070;0,1180;-0,0143;-0,4114;0,0211;-0,9111;;False
704,18;44.69;pa010​;20250411_094227;1;TUG2;0,1251;1,5065;0,1185;-0,0167;-0,4067;0,0216;-0,9131;;False
704,20;44.71;pa010​;20250411_094227;1;TUG2;0,1245;1,5058;0,1190;-0,0198;-0,4017;0,0221;-0,9153;;False
704,21;44.72;pa010​;20250411_094227;1;TUG2;0,1240;1,5052;0,1198;-0,0234;-0,3960;0,0227;-0,9177;;False
704,23;44.73;pa010​;20250411_094227;1;TUG2;0,1234;1,5043;0,1207;-0,0267;-0,3894;0,0232;-0,9204;;False
704,24;44.75;pa010​;20250411_094227;1;TUG2;0,1225;1,5035;0,1219;-0,0312;-0,3819;0,0235;-0,9234;;False
704,25;44.76;pa010​;20250411_094227;1;TUG2;0,1213;1,5025;0,1236;-0,0361;-0,3726;0,0243;-0,9270;;False
704,27;44.78;pa010​;20250411_094227;1;TUG2;0,1199;1,5014;0,1253;-0,0416;-0,3613;0,0265;-0,9311;;False
704,28;44.79;pa010​;20250411_094227;1;TUG2;0,1183;1,4999;0,1273;-0,0474;-0,3487;0,0291;-0,9356;;False
704,30;44.81;pa010​;20250411_094227;1;TUG2;0,1165;1,4983;0,1293;-0,0550;-0,3346;0,0325;-0,9402;;False
704,31;44.82;pa010​;20250411_094227;1;TUG2;0,1147;1,4965;0,1312;-0,0627;-0,3204;0,0347;-0,9446;;False
704,32;44.83;pa010​;20250411_094227;1;TUG2;0,1127;1,4948;0,1334;-0,0711;-0,3065;0,0360;-0,9485;;False
704,34;44.85;pa010​;20250411_094227;1;TUG2;0,1107;1,4929;0,1355;-0,0800;-0,2922;0,0373;-0,9523;;False
704,35;44.86;pa010​;20250411_094227;1;TUG2;0,1085;1,4906;0,1376;-0,0903;-0,2773;0,0393;-0,9557;;False
704,36;44.87;pa010​;20250411_094227;1;TUG2;0,1060;1,4880;0,1398;-0,1013;-0,2622;0,0417;-0,9588;;False
704,38;44.89;pa010​;20250411_094227;1;TUG2;0,1037;1,4853;0,1418;-0,1126;-0,2457;0,0446;-0,9617;;False
704,39;44.9;pa010​;20250411_094227;1;TUG2;0,1013;1,4828;0,1439;-0,1232;-0,2301;0,0488;-0,9641;;False
704,41;44.91;pa010​;20250411_094227;1;TUG2;0,0989;1,4803;0,1460;-0,1320;-0,2147;0,0527;-0,9663;;False
704,42;44.93;pa010​;20250411_094227;1;TUG2;0,0965;1,4776;0,1478;-0,1415;-0,1988;0,0569;-0,9681;;False
704,43;44.94;pa010​;20250411_094227;1;TUG2;0,0939;1,4748;0,1496;-0,1517;-0,1843;0,0605;-0,9692;;False
704,45;44.96;pa010​;20250411_094227;1;TUG2;0,0916;1,4716;0,1513;-0,1618;-0,1700;0,0637;-0,9700;;False
704,46;44.97;pa010​;20250411_094227;1;TUG2;0,0890;1,4684;0,1529;-0,1731;-0,1579;0,0663;-0,9699;;False
704,48;44.98;pa010​;20250411_094227;1;TUG2;0,0869;1,4649;0,1543;-0,1853;-0,1466;0,0680;-0,9693;;False
704,49;45.0;pa010​;20250411_094227;1;TUG2;0,0849;1,4611;0,1555;-0,1983;-0,1379;0,0680;-0,9680;;False
704,50;45.01;pa010​;20250411_094227;1;TUG2;0,0829;1,4574;0,1560;-0,2127;-0,1325;0,0677;-0,9657;;False
704,52;45.03;pa010​;20250411_094227;1;TUG2;0,0817;1,4542;0,1561;-0,2276;-0,1282;0,0675;-0,9629;;False
704,53;45.04;pa010​;20250411_094227;1;TUG2;0,0809;1,4520;0,1568;-0,2376;-0,1265;0,0642;-0,9610;;False
704,54;45.05;pa010​;20250411_094227;1;TUG2;0,0802;1,4501;0,1579;-0,2413;-0,1257;0,0620;-0,9603;;False
704,56;45.07;pa010​;20250411_094227;1;TUG2;0,0793;1,4487;0,1591;-0,2403;-0,1234;0,0606;-0,9609;;False
704,57;45.08;pa010​;20250411_094227;1;TUG2;0,0782;1,4472;0,1594;-0,2413;-0,1204;0,0609;-0,9610;;False
704,59;45.1;pa010​;20250411_094227;1;TUG2;0,0774;1,4456;0,1591;-0,2443;-0,1179;0,0617;-0,9605;;False
704,60;45.11;pa010​;20250411_094227;1;TUG2;0,0767;1,4443;0,1587;-0,2489;-0,1153;0,0631;-0,9596;;False
704,61;45.12;pa010​;20250411_094227;1;TUG2;0,0761;1,4432;0,1583;-0,2526;-0,1124;0,0641;-0,9589;;False
704,63;45.14;pa010​;20250411_094227;1;TUG2;0,0753;1,4426;0,1579;-0,2554;-0,1112;0,0653;-0,9582;;False
704,64;45.15;pa010​;20250411_094227;1;TUG2;0,0746;1,4422;0,1575;-0,2580;-0,1092;0,0661;-0,9577;;False
704,66;45.17;pa010​;20250411_094227;1;TUG2;0,0740;1,4421;0,1571;-0,2589;-0,1074;0,0663;-0,9576;;False
704,67;45.18;pa010​;20250411_094227;1;TUG2;0,0735;1,4420;0,1566;-0,2592;-0,1056;0,0661;-0,9578;;False
704,68;45.19;pa010​;20250411_094227;1;TUG2;0,0729;1,4422;0,1561;-0,2590;-0,1046;0,0654;-0,9580;;False
704,70;45.21;pa010​;20250411_094227;1;TUG2;0,0765;1,4442;0,1535;-0,2564;-0,0984;0,0715;-0,9589;;False
704,71;45.22;pa010​;20250411_094227;1;TUG2;0,0748;1,4423;0,1563;-0,2570;-0,1025;0,0661;-0,9587;;False
704,72;45.23;pa010​;20250411_094227;1;TUG2;0,0720;1,4449;0,1530;-0,2548;-0,1071;0,0600;-0,9592;;False
704,74;45.25;pa010​;20250411_094227;1;TUG2;0,0725;1,4431;0,1533;-0,2529;-0,1112;0,0641;-0,9590;;False
704,75;45.26;pa010​;20250411_094227;1;TUG2;0,0725;1,4444;0,1527;-0,2557;-0,1085;0,0615;-0,9587;;False
704,77;45.28;pa010​;20250411_094227;1;TUG2;0,0721;1,4438;0,1530;-0,2550;-0,1084;0,0619;-0,9588;;False
704,78;45.29;pa010​;20250411_094227;1;TUG2;0,0714;1,4447;0,1527;-0,2560;-0,1078;0,0612;-0,9587;;False
704,79;45.3;pa010​;20250411_094227;1;TUG2;0,0704;1,4442;0,1529;-0,2527;-0,1068;0,0606;-0,9597;;False
704,81;45.32;pa010​;20250411_094227;1;TUG2;0,0697;1,4446;0,1535;-0,2517;-0,1041;0,0603;-0,9603;;False
704,82;45.33;pa010​;20250411_094227;1;TUG2;0,0695;1,4447;0,1536;-0,2503;-0,1016;0,0560;-0,9612;;False
704,84;45.34;pa010​;20250411_094227;1;TUG2;0,0683;1,4442;0,1534;-0,2470;-0,1049;0,0546;-0,9618;;False
704,85;45.36;pa010​;20250411_094227;1;TUG2;0,0687;1,4448;0,1535;-0,2482;-0,1080;0,0571;-0,9610;;False
704,86;45.37;pa010​;20250411_094227;1;TUG2;0,0688;1,4445;0,1539;-0,2485;-0,1065;0,0568;-0,9611;;False
704,88;45.39;pa010​;20250411_094227;1;TUG2;0,0684;1,4443;0,1540;-0,2497;-0,1046;0,0570;-0,9610;;False
704,89;45.4;pa010​;20250411_094227;1;TUG2;0,0675;1,4437;0,1533;-0,2522;-0,1022;0,0548;-0,9607;;False
704,91;45.41;pa010​;20250411_094227;1;TUG2;0,0669;1,4431;0,1530;-0,2561;-0,0992;0,0538;-0,9600;;False
704,92;45.43;pa010​;20250411_094227;1;TUG2;0,0669;1,4434;0,1535;-0,2629;-0,0968;0,0570;-0,9583;;False
704,93;45.44;pa010​;20250411_094227;1;TUG2;0,0667;1,4426;0,1538;-0,2568;-0,0991;0,0657;-0,9591;;False
704,95;45.46;pa010​;20250411_094227;1;TUG2;0,0665;1,4426;0,1535;-0,2584;-0,0992;0,0581;-0,9592;;False
704,96;45.47;pa010​;20250411_094227;1;TUG2;0,0667;1,4424;0,1532;-0,2584;-0,0991;0,0550;-0,9594;;False
704,97;45.48;pa010​;20250411_094227;1;TUG2;0,0662;1,4427;0,1534;-0,2580;-0,1000;0,0522;-0,9595;;False
704,99;45.5;pa010​;20250411_094227;1;TUG2;0,0659;1,4430;0,1538;-0,2514;-0,0975;0,0505;-0,9616;;False
705,00;45.51;pa010​;20250411_094227;1;TUG2;0,0640;1,4432;0,1540;-0,2509;-0,0950;0,0538;-0,9618;;False
705,02;45.53;pa010​;20250411_094227;1;TUG2;0,0627;1,4435;0,1556;-0,2435;-0,1027;0,0695;-0,9619;;False
705,03;45.54;pa010​;20250411_094227;1;TUG2;0,0635;1,4429;0,1549;-0,2422;-0,0965;0,0671;-0,9631;;False
705,04;45.55;pa010​;20250411_094227;1;TUG2;0,0631;1,4418;0,1535;-0,2452;-0,0907;0,0632;-0,9631;;False
705,06;45.57;pa010​;20250411_094227;1;TUG2;0,0634;1,4410;0,1538;-0,2502;-0,0874;0,0610;-0,9623;;False
705,07;45.58;pa010​;20250411_094227;1;TUG2;0,0633;1,4401;0,1540;-0,2496;-0,0847;0,0577;-0,9629;;False
705,09;45.6;pa010​;20250411_094227;1;TUG2;0,0630;1,4401;0,1547;-0,2505;-0,0863;0,0583;-0,9625;;False
705,10;45.61;pa010​;20250411_094227;1;TUG2;0,0629;1,4398;0,1552;-0,2476;-0,0898;0,0617;-0,9627;;False
705,11;45.62;pa010​;20250411_094227;1;TUG2;0,0627;1,4393;0,1555;-0,2443;-0,0918;0,0623;-0,9633;;False
705,13;45.64;pa010​;20250411_094227;1;TUG2;0,0626;1,4388;0,1562;-0,2415;-0,0906;0,0622;-0,9642;;False
705,14;45.65;pa010​;20250411_094227;1;TUG2;0,0625;1,4385;0,1573;-0,2366;-0,0892;0,0625;-0,9655;;False
705,16;45.67;pa010​;20250411_094227;1;TUG2;0,0625;1,4386;0,1580;-0,2317;-0,0881;0,0614;-0,9668;;False
705,17;45.68;pa010​;20250411_094227;1;TUG2;0,0623;1,4390;0,1585;-0,2340;-0,0850;0,0614;-0,9666;;False
705,18;45.69;pa010​;20250411_094227;1;TUG2;0,0624;1,4370;0,1578;-0,2337;-0,0811;0,0552;-0,9674;;False
705,20;45.71;pa010​;20250411_094227;1;TUG2;0,0626;1,4372;0,1582;-0,2367;-0,0817;0,0582;-0,9664;;False
705,21;45.72;pa010​;20250411_094227;1;TUG2;0,0618;1,4366;0,1586;-0,2359;-0,0842;0,0613;-0,9662;;False
705,23;45.73;pa010​;20250411_094227;1;TUG2;0,0614;1,4363;0,1589;-0,2368;-0,0861;0,0647;-0,9656;;False
705,24;45.75;pa010​;20250411_094227;1;TUG2;0,0614;1,4362;0,1593;-0,2370;-0,0873;0,0654;-0,9654;;False
705,25;45.76;pa010​;20250411_094227;1;TUG2;0,0609;1,4359;0,1596;-0,2364;-0,0881;0,0668;-0,9653;;False
705,27;45.78;pa010​;20250411_094227;1;TUG2;0,0606;1,4357;0,1598;-0,2377;-0,0849;0,0657;-0,9654;;False
705,28;45.79;pa010​;20250411_094227;1;TUG2;0,0604;1,4352;0,1600;-0,2379;-0,0829;0,0634;-0,9657;;False
705,30;45.8;pa010​;20250411_094227;1;TUG2;0,0600;1,4350;0,1599;-0,2400;-0,0803;0,0628;-0,9654;;False
705,31;45.82;pa010​;20250411_094227;1;TUG2;0,0593;1,4351;0,1598;-0,2430;-0,0792;0,0642;-0,9646;;False
705,32;45.83;pa010​;20250411_094227;1;TUG2;0,0587;1,4348;0,1596;-0,2453;-0,0790;0,0667;-0,9639;;False
705,34;45.85;pa010​;20250411_094227;1;TUG2;0,0581;1,4342;0,1589;-0,2494;-0,0813;0,0679;-0,9626;;False
705,35;45.86;pa010​;20250411_094227;1;TUG2;0,0581;1,4343;0,1581;-0,2521;-0,0818;0,0660;-0,9620;;False
705,36;45.87;pa010​;20250411_094227;1;TUG2;0,0580;1,4333;0,1581;-0,2515;-0,0816;0,0679;-0,9620;;False
705,38;45.89;pa010​;20250411_094227;1;TUG2;0,0571;1,4342;0,1569;-0,2591;-0,0828;0,0658;-0,9601;;False
705,39;45.9;pa010​;20250411_094227;1;TUG2;0,0572;1,4344;0,1565;-0,2607;-0,0828;0,0654;-0,9596;;False
705,41;45.92;pa010​;20250411_094227;1;TUG2;0,0570;1,4343;0,1566;-0,2610;-0,0826;0,0657;-0,9596;;False
705,42;45.93;pa010​;20250411_094227;1;TUG2;0,0564;1,4348;0,1568;-0,2589;-0,0812;0,0659;-0,9602;;False
705,43;45.94;pa010​;20250411_094227;1;TUG2;0,0563;1,4348;0,1574;-0,2564;-0,0811;0,0670;-0,9608;;False
705,45;45.96;pa010​;20250411_094227;1;TUG2;0,0562;1,4350;0,1573;-0,2546;-0,0806;0,0669;-0,9614;;False
705,46;45.97;pa010​;20250411_094227;1;TUG2;0,0560;1,4352;0,1574;-0,2539;-0,0798;0,0660;-0,9617;;False
705,48;45.98;pa010​;20250411_094227;1;TUG2;0,0555;1,4358;0,1573;-0,2533;-0,0792;0,0659;-0,9619;;False
705,49;46.0;pa010​;20250411_094227;1;TUG2;0,0552;1,4363;0,1574;-0,2530;-0,0785;0,0673;-0,9619;;False
705,50;46.01;pa010​;20250411_094227;1;TUG2;0,0548;1,4371;0,1572;-0,2529;-0,0773;0,0679;-0,9620;;False
705,52;46.03;pa010​;20250411_094227;1;TUG2;0,0544;1,4380;0,1571;-0,2528;-0,0771;0,0682;-0,9620;;False
705,53;46.04;pa010​;20250411_094227;1;TUG2;0,0542;1,4392;0,1571;-0,2524;-0,0761;0,0679;-0,9622;;False
705,54;46.05;pa010​;20250411_094227;1;TUG2;0,0540;1,4403;0,1569;-0,2510;-0,0763;0,0680;-0,9626;;False
705,56;46.07;pa010​;20250411_094227;1;TUG2;0,0543;1,4416;0,1570;-0,2480;-0,0765;0,0687;-0,9633;;False
705,57;46.08;pa010​;20250411_094227;1;TUG2;0,0541;1,4423;0,1572;-0,2411;-0,0783;0,0698;-0,9648;;False
705,59;46.1;pa010​;20250411_094227;1;TUG2;0,0539;1,4433;0,1570;-0,2376;-0,0785;0,0695;-0,9657;;False
705,60;46.11;pa010​;20250411_094227;1;TUG2;0,0538;1,4442;0,1566;-0,2356;-0,0793;0,0679;-0,9662;;False
705,61;46.12;pa010​;20250411_094227;1;TUG2;0,0539;1,4447;0,1566;-0,2348;-0,0790;0,0676;-0,9665;;False
705,63;46.14;pa010​;20250411_094227;1;TUG2;0,0539;1,4452;0,1566;-0,2351;-0,0793;0,0663;-0,9665;;False
705,64;46.15;pa010​;20250411_094227;1;TUG2;0,0540;1,4455;0,1568;-0,2355;-0,0800;0,0646;-0,9664;;False
705,66;46.17;pa010​;20250411_094227;1;TUG2;0,0542;1,4457;0,1573;-0,2330;-0,0826;0,0635;-0,9669;;False
705,67;46.18;pa010​;20250411_094227;1;TUG2;0,0545;1,4461;0,1577;-0,2303;-0,0845;0,0631;-0,9674;;False
705,68;46.19;pa010​;20250411_094227;1;TUG2;0,0550;1,4465;0,1578;-0,2280;-0,0846;0,0615;-0,9680;;False
705,70;46.21;pa010​;20250411_094227;1;TUG2;0,0551;1,4469;0,1578;-0,2260;-0,0848;0,0586;-0,9687;;False
705,71;46.22;pa010​;20250411_094227;1;TUG2;0,0551;1,4470;0,1580;-0,2233;-0,0845;0,0576;-0,9694;;False
705,73;46.23;pa010​;20250411_094227;1;TUG2;0,0547;1,4478;0,1586;-0,2215;-0,0850;0,0574;-0,9697;;False
705,74;46.25;pa010​;20250411_094227;1;TUG2;0,0542;1,4479;0,1588;-0,2186;-0,0836;0,0572;-0,9705;;False
705,75;46.26;pa010​;20250411_094227;1;TUG2;0,0542;1,4480;0,1590;-0,2181;-0,0829;0,0567;-0,9707;;False
705,77;46.28;pa010​;20250411_094227;1;TUG2;0,0541;1,4479;0,1590;-0,2186;-0,0835;0,0565;-0,9706;;False
705,78;46.29;pa010​;20250411_094227;1;TUG2;0,0543;1,4475;0,1593;-0,2185;-0,0844;0,0570;-0,9705;;False
705,79;46.3;pa010​;20250411_094227;1;TUG2;0,0541;1,4477;0,1595;-0,2185;-0,0861;0,0573;-0,9703;;False
705,81;46.32;pa010​;20250411_094227;1;TUG2;0,0549;1,4470;0,1604;-0,2164;-0,0875;0,0573;-0,9707;;False
705,82;46.33;pa010​;20250411_094227;1;TUG2;0,0552;1,4471;0,1612;-0,2125;-0,0875;0,0566;-0,9716;;False
705,84;46.35;pa010​;20250411_094227;1;TUG2;0,0553;1,4473;0,1617;-0,2101;-0,0875;0,0563;-0,9721;;False
705,85;46.36;pa010​;20250411_094227;1;TUG2;0,0549;1,4473;0,1625;-0,2072;-0,0873;0,0562;-0,9728;;False
705,86;46.37;pa010​;20250411_094227;1;TUG2;0,0549;1,4475;0,1630;-0,2049;-0,0861;0,0570;-0,9733;;False
705,88;46.39;pa010​;20250411_094227;1;TUG2;0,0550;1,4474;0,1631;-0,2034;-0,0858;0,0567;-0,9737;;False
705,89;46.4;pa010​;20250411_094227;1;TUG2;0,0552;1,4476;0,1628;-0,2039;-0,0857;0,0560;-0,9736;;False
705,91;46.42;pa010​;20250411_094227;1;TUG2;0,0553;1,4475;0,1631;-0,2058;-0,0870;0,0558;-0,9731;;False
705,92;46.43;pa010​;20250411_094227;1;TUG2;0,0554;1,4476;0,1628;-0,2073;-0,0883;0,0556;-0,9727;;False
705,93;46.44;pa010​;20250411_094227;1;TUG2;0,0555;1,4476;0,1624;-0,2088;-0,0897;0,0558;-0,9722;;False
705,95;46.46;pa010​;20250411_094227;1;TUG2;0,0557;1,4476;0,1622;-0,2103;-0,0904;0,0553;-0,9719;;False
705,96;46.47;pa010​;20250411_094227;1;TUG2;0,0558;1,4475;0,1621;-0,2130;-0,0906;0,0558;-0,9712;;False
705,98;46.49;pa010​;20250411_094227;1;TUG2;0,0558;1,4473;0,1622;-0,2132;-0,0913;0,0569;-0,9711;;False
705,99;46.5;pa010​;20250411_094227;1;TUG2;0,0559;1,4472;0,1623;-0,2141;-0,0908;0,0572;-0,9709;;False
706,00;46.51;pa010​;20250411_094227;1;TUG2;0,0559;1,4472;0,1624;-0,2151;-0,0902;0,0570;-0,9708;;False
706,02;46.53;pa010​;20250411_094227;1;TUG2;0,0558;1,4470;0,1624;-0,2162;-0,0902;0,0573;-0,9705;;False
706,03;46.54;pa010​;20250411_094227;1;TUG2;0,0556;1,4467;0,1621;-0,2202;-0,0889;0,0573;-0,9697;;False
706,04;46.55;pa010​;20250411_094227;1;TUG2;0,0552;1,4461;0,1611;-0,2251;-0,0886;0,0592;-0,9685;;False
706,06;46.57;pa010​;20250411_094227;1;TUG2;0,0554;1,4459;0,1611;-0,2315;-0,0888;0,0616;-0,9668;;False
706,07;46.58;pa010​;20250411_094227;1;TUG2;0,0551;1,4454;0,1599;-0,2344;-0,0909;0,0625;-0,9659;;False
706,09;46.6;pa010​;20250411_094227;1;TUG2;0,0553;1,4452;0,1598;-0,2378;-0,0937;0,0635;-0,9647;;False
706,10;46.61;pa010​;20250411_094227;1;TUG2;0,0553;1,4454;0,1597;-0,2378;-0,0970;0,0645;-0,9643;;False
706,11;46.62;pa010​;20250411_094227;1;TUG2;0,0556;1,4451;0,1602;-0,2350;-0,0965;0,0639;-0,9651;;False
706,13;46.64;pa010​;20250411_094227;1;TUG2;0,0555;1,4451;0,1600;-0,2327;-0,0962;0,0635;-0,9657;;False
706,14;46.65;pa010​;20250411_094227;1;TUG2;0,0555;1,4451;0,1605;-0,2311;-0,0939;0,0628;-0,9664;;False
706,16;46.67;pa010​;20250411_094227;1;TUG2;0,0553;1,4450;0,1609;-0,2312;-0,0914;0,0624;-0,9666;;False
706,17;46.68;pa010​;20250411_094227;1;TUG2;0,0551;1,4449;0,1611;-0,2325;-0,0902;0,0628;-0,9664;;False
706,18;46.69;pa010​;20250411_094227;1;TUG2;0,0548;1,4445;0,1612;-0,2329;-0,0906;0,0630;-0,9662;;False
706,20;46.71;pa010​;20250411_094227;1;TUG2;0,0548;1,4444;0,1611;-0,2375;-0,0901;0,0647;-0,9650;;False
706,21;46.72;pa010​;20250411_094227;1;TUG2;0,0548;1,4441;0,1609;-0,2403;-0,0909;0,0649;-0,9643;;False
706,23;46.73;pa010​;20250411_094227;1;TUG2;0,0548;1,4439;0,1605;-0,2427;-0,0937;0,0660;-0,9633;;False
706,24;46.75;pa010​;20250411_094227;1;TUG2;0,0551;1,4440;0,1602;-0,2445;-0,0956;0,0665;-0,9626;;False
706,25;46.76;pa010​;20250411_094227;1;TUG2;0,0553;1,4444;0,1600;-0,2462;-0,0966;0,0672;-0,9621;;False
706,27;46.78;pa010​;20250411_094227;1;TUG2;0,0551;1,4456;0,1599;-0,2475;-0,0966;0,0680;-0,9617;;False
706,28;46.79;pa010​;20250411_094227;1;TUG2;0,0550;1,4460;0,1594;-0,2509;-0,0956;0,0691;-0,9608;;False
706,29;46.8;pa010​;20250411_094227;1;TUG2;0,0545;1,4468;0,1591;-0,2533;-0,0968;0,0703;-0,9600;;False
706,31;46.82;pa010​;20250411_094227;1;TUG2;0,0547;1,4473;0,1597;-0,2508;-0,0973;0,0710;-0,9605;;False
706,32;46.83;pa010​;20250411_094227;1;TUG2;0,0549;1,4477;0,1600;-0,2452;-0,0994;0,0700;-0,9618;;False
706,34;46.85;pa010​;20250411_094227;1;TUG2;0,0553;1,4484;0,1601;-0,2403;-0,0999;0,0670;-0,9632;;False
706,35;46.86;pa010​;20250411_094227;1;TUG2;0,0555;1,4497;0,1603;-0,2370;-0,0990;0,0621;-0,9645;;False
706,37;46.87;pa010​;20250411_094227;1;TUG2;0,0557;1,4493;0,1604;-0,2351;-0,1062;0,0631;-0,9641;;False
706,38;46.89;pa010​;20250411_094227;1;TUG2;0,0568;1,4501;0,1601;-0,2369;-0,1051;0,0592;-0,9640;;False
706,39;46.9;pa010​;20250411_094227;1;TUG2;0,0566;1,4501;0,1605;-0,2359;-0,1056;0,0581;-0,9643;;False
706,41;46.91;pa010​;20250411_094227;1;TUG2;0,0567;1,4502;0,1607;-0,2338;-0,1055;0,0578;-0,9648;;False
706,42;46.93;pa010​;20250411_094227;1;TUG2;0,0566;1,4502;0,1608;-0,2333;-0,1072;0,0607;-0,9646;;False
706,43;46.94;pa010​;20250411_094227;1;TUG2;0,0567;1,4503;0,1610;-0,2334;-0,1064;0,0605;-0,9647;;False
706,45;46.96;pa010​;20250411_094227;1;TUG2;0,0568;1,4505;0,1611;-0,2334;-0,1048;0,0595;-0,9649;;False
706,46;46.97;pa010​;20250411_094227;1;TUG2;0,0567;1,4504;0,1612;-0,2332;-0,1040;0,0595;-0,9650;;False
706,48;46.98;pa010​;20250411_094227;1;TUG2;0,0566;1,4503;0,1612;-0,2326;-0,1032;0,0597;-0,9652;;False
706,49;47.0;pa010​;20250411_094227;1;TUG2;0,0565;1,4501;0,1612;-0,2330;-0,1029;0,0612;-0,9651;;False
706,50;47.01;pa010​;20250411_094227;1;TUG2;0,0565;1,4499;0,1611;-0,2334;-0,1032;0,0623;-0,9649;;False
706,52;47.03;pa010​;20250411_094227;1;TUG2;0,0564;1,4496;0,1609;-0,2342;-0,1032;0,0607;-0,9648;;False
706,53;47.04;pa010​;20250411_094227;1;TUG2;0,0565;1,4488;0,1603;-0,2373;-0,0998;0,0587;-0,9645;;False
706,54;47.05;pa010​;20250411_094227;1;TUG2;0,0567;1,4480;0,1601;-0,2373;-0,0981;0,0608;-0,9646;;False
706,56;47.07;pa010​;20250411_094227;1;TUG2;0,0555;1,4481;0,1600;-0,2398;-0,0996;0,0609;-0,9638;;False
706,57;47.08;pa010​;20250411_094227;1;TUG2;0,0554;1,4477;0,1603;-0,2421;-0,0983;0,0612;-0,9633;;False
706,59;47.1;pa010​;20250411_094227;1;TUG2;0,0552;1,4471;0,1602;-0,2437;-0,0983;0,0613;-0,9629;;False
706,60;47.11;pa010​;20250411_094227;1;TUG2;0,0555;1,4465;0,1603;-0,2455;-0,0977;0,0603;-0,9626;;False
706,61;47.12;pa010​;20250411_094227;1;TUG2;0,0555;1,4464;0,1604;-0,2477;-0,0988;0,0582;-0,9620;;False
706,63;47.14;pa010​;20250411_094227;1;TUG2;0,0554;1,4459;0,1605;-0,2479;-0,0997;0,0587;-0,9619;;False
706,64;47.15;pa010​;20250411_094227;1;TUG2;0,0553;1,4453;0,1601;-0,2494;-0,0989;0,0584;-0,9616;;False
706,66;47.16;pa010​;20250411_094227;1;TUG2;0,0545;1,4451;0,1600;-0,2515;-0,1010;0,0633;-0,9605;;False
706,67;47.18;pa010​;20250411_094227;1;TUG2;0,0543;1,4448;0,1599;-0,2541;-0,0994;0,0646;-0,9599;;False
706,68;47.19;pa010​;20250411_094227;1;TUG2;0,0543;1,4447;0,1598;-0,2563;-0,0983;0,0632;-0,9595;;False
706,70;47.21;pa010​;20250411_094227;1;TUG2;0,0540;1,4444;0,1600;-0,2568;-0,0981;0,0653;-0,9593;;False
706,71;47.22;pa010​;20250411_094227;1;TUG2;0,0542;1,4441;0,1601;-0,2566;-0,0958;0,0652;-0,9596;;False
706,73;47.23;pa010​;20250411_094227;1;TUG2;0,0537;1,4435;0,1599;-0,2565;-0,0960;0,0658;-0,9595;;False
706,74;47.25;pa010​;20250411_094227;1;TUG2;0,0537;1,4431;0,1597;-0,2584;-0,0940;0,0641;-0,9593;;False
706,75;47.26;pa010​;20250411_094227;1;TUG2;0,0537;1,4421;0,1593;-0,2610;-0,0926;0,0605;-0,9590;;False
706,77;47.28;pa010​;20250411_094227;1;TUG2;0,0532;1,4417;0,1592;-0,2662;-0,0938;0,0630;-0,9573;;False
706,78;47.29;pa010​;20250411_094227;1;TUG2;0,0528;1,4409;0,1593;-0,2686;-0,0932;0,0641;-0,9566;;False
706,79;47.3;pa010​;20250411_094227;1;TUG2;0,0526;1,4403;0,1595;-0,2703;-0,0920;0,0642;-0,9562;;False
706,81;47.32;pa010​;20250411_094227;1;TUG2;0,0531;1,4385;0,1590;-0,2678;-0,0896;0,0664;-0,9570;;False
706,82;47.33;pa010​;20250411_094227;1;TUG2;0,0523;1,4388;0,1598;-0,2728;-0,0899;0,0659;-0,9556;;False
706,84;47.35;pa010​;20250411_094227;1;TUG2;0,0523;1,4381;0,1598;-0,2748;-0,0896;0,0662;-0,9550;;False
706,85;47.36;pa010​;20250411_094227;1;TUG2;0,0522;1,4376;0,1602;-0,2775;-0,0906;0,0660;-0,9542;;False
706,86;47.37;pa010​;20250411_094227;1;TUG2;0,0529;1,4366;0,1594;-0,2776;-0,0905;0,0658;-0,9542;;False
706,88;47.39;pa010​;20250411_094227;1;TUG2;0,0530;1,4363;0,1595;-0,2812;-0,0921;0,0648;-0,9530;;False
706,89;47.4;pa010​;20250411_094227;1;TUG2;0,0533;1,4358;0,1594;-0,2855;-0,0945;0,0641;-0,9515;;False
706,91;47.42;pa010​;20250411_094227;1;TUG2;0,0535;1,4353;0,1592;-0,2866;-0,0949;0,0632;-0,9512;;False
706,92;47.43;pa010​;20250411_094227;1;TUG2;0,0530;1,4352;0,1595;-0,2877;-0,0966;0,0645;-0,9506;;False
706,93;47.44;pa010​;20250411_094227;1;TUG2;0,0528;1,4351;0,1598;-0,2872;-0,0965;0,0663;-0,9507;;False
706,95;47.46;pa010​;20250411_094227;1;TUG2;0,0525;1,4349;0,1600;-0,2860;-0,0956;0,0660;-0,9512;;False
706,96;47.47;pa010​;20250411_094227;1;TUG2;0,0522;1,4350;0,1603;-0,2858;-0,0939;0,0664;-0,9514;;False
706,98;47.48;pa010​;20250411_094227;1;TUG2;0,0521;1,4350;0,1607;-0,2854;-0,0925;0,0676;-0,9515;;False
706,99;47.5;pa010​;20250411_094227;1;TUG2;0,0521;1,4349;0,1607;-0,2843;-0,0922;0,0680;-0,9518;;False
707,00;47.51;pa010​;20250411_094227;1;TUG2;0,0520;1,4347;0,1609;-0,2849;-0,0920;0,0672;-0,9518;;False
707,02;47.53;pa010​;20250411_094227;1;TUG2;0,0523;1,4345;0,1607;-0,2855;-0,0931;0,0665;-0,9515;;False
707,03;47.54;pa010​;20250411_094227;1;TUG2;0,0527;1,4345;0,1606;-0,2876;-0,0947;0,0655;-0,9508;;False
707,04;47.55;pa010​;20250411_094227;1;TUG2;0,0529;1,4343;0,1606;-0,2881;-0,0951;0,0637;-0,9507;;False
707,06;47.57;pa010​;20250411_094227;1;TUG2;0,0531;1,4343;0,1605;-0,2892;-0,0967;0,0634;-0,9503;;False
707,07;47.58;pa010​;20250411_094227;1;TUG2;0,0531;1,4345;0,1606;-0,2890;-0,0981;0,0646;-0,9501;;False
707,09;47.6;pa010​;20250411_094227;1;TUG2;0,0530;1,4346;0,1610;-0,2854;-0,0990;0,0653;-0,9511;;False
707,10;47.61;pa010​;20250411_094227;1;TUG2;0,0530;1,4348;0,1614;-0,2834;-0,0987;0,0641;-0,9518;;False
707,11;47.62;pa010​;20250411_094227;1;TUG2;0,0529;1,4355;0,1615;-0,2828;-0,0984;0,0664;-0,9518;;False
707,13;47.64;pa010​;20250411_094227;1;TUG2;0,0530;1,4359;0,1613;-0,2809;-0,0993;0,0684;-0,9521;;False
707,14;47.65;pa010​;20250411_094227;1;TUG2;0,0532;1,4363;0,1613;-0,2788;-0,0990;0,0699;-0,9527;;False
707,16;47.67;pa010​;20250411_094227;1;TUG2;0,0533;1,4367;0,1612;-0,2771;-0,0987;0,0705;-0,9532;;False
707,17;47.68;pa010​;20250411_094227;1;TUG2;0,0534;1,4369;0,1611;-0,2762;-0,0983;0,0708;-0,9534;;False
707,18;47.69;pa010​;20250411_094227;1;TUG2;0,0532;1,4370;0,1610;-0,2757;-0,0980;0,0704;-0,9536;;False
707,20;47.71;pa010​;20250411_094227;1;TUG2;0,0533;1,4371;0,1611;-0,2751;-0,0977;0,0697;-0,9539;;False
707,21;47.72;pa010​;20250411_094227;1;TUG2;0,0534;1,4375;0,1611;-0,2743;-0,0983;0,0684;-0,9542;;False
707,23;47.73;pa010​;20250411_094227;1;TUG2;0,0535;1,4377;0,1615;-0,2724;-0,0993;0,0676;-0,9547;;False
707,24;47.75;pa010​;20250411_094227;1;TUG2;0,0537;1,4378;0,1618;-0,2709;-0,1014;0,0683;-0,9548;;False
707,25;47.76;pa010​;20250411_094227;1;TUG2;0,0540;1,4379;0,1619;-0,2696;-0,1030;0,0677;-0,9551;;False
707,27;47.78;pa010​;20250411_094227;1;TUG2;0,0543;1,4379;0,1620;-0,2684;-0,1046;0,0680;-0,9552;;False
707,28;47.79;pa010​;20250411_094227;1;TUG2;0,0547;1,4378;0,1619;-0,2666;-0,1062;0,0684;-0,9555;;False
707,30;47.8;pa010​;20250411_094227;1;TUG2;0,0549;1,4378;0,1619;-0,2667;-0,1057;0,0683;-0,9555;;False
707,31;47.82;pa010​;20250411_094227;1;TUG2;0,0550;1,4376;0,1616;-0,2675;-0,1062;0,0679;-0,9553;;False
707,32;47.83;pa010​;20250411_094227;1;TUG2;0,0550;1,4375;0,1612;-0,2679;-0,1070;0,0661;-0,9552;;False
707,34;47.85;pa010​;20250411_094227;1;TUG2;0,0551;1,4374;0,1611;-0,2676;-0,1094;0,0642;-0,9552;;False
707,35;47.86;pa010​;20250411_094227;1;TUG2;0,0555;1,4374;0,1611;-0,2666;-0,1136;0,0615;-0,9551;;False
707,37;47.87;pa010​;20250411_094227;1;TUG2;0,0563;1,4376;0,1614;-0,2648;-0,1180;0,0592;-0,9552;;False
707,38;47.89;pa010​;20250411_094227;1;TUG2;0,0566;1,4379;0,1613;-0,2635;-0,1209;0,0578;-0,9553;;False
707,39;47.9;pa010​;20250411_094227;1;TUG2;0,0567;1,4383;0,1614;-0,2620;-0,1231;0,0576;-0,9554;;False
707,41;47.92;pa010​;20250411_094227;1;TUG2;0,0569;1,4389;0,1614;-0,2604;-0,1243;0,0574;-0,9557;;False
707,42;47.93;pa010​;20250411_094227;1;TUG2;0,0568;1,4397;0,1611;-0,2595;-0,1256;0,0559;-0,9559;;False
707,43;47.94;pa010​;20250411_094227;1;TUG2;0,0570;1,4403;0,1609;-0,2597;-0,1246;0,0537;-0,9561;;False
707,45;47.96;pa010​;20250411_094227;1;TUG2;0,0577;1,4402;0,1608;-0,2586;-0,1250;0,0535;-0,9564;;False
707,46;47.97;pa010​;20250411_094227;1;TUG2;0,0573;1,4407;0,1607;-0,2576;-0,1248;0,0542;-0,9566;;False
707,48;47.98;pa010​;20250411_094227;1;TUG2;0,0572;1,4405;0,1608;-0,2559;-0,1257;0,0558;-0,9569;;False
707,49;48.0;pa010​;20250411_094227;1;TUG2;0,0572;1,4408;0,1607;-0,2568;-0,1252;0,0557;-0,9567;;False
707,50;48.01;pa010​;20250411_094227;1;TUG2;0,0571;1,4406;0,1607;-0,2582;-0,1237;0,0559;-0,9565;;False
707,52;48.03;pa010​;20250411_094227;1;TUG2;0,0566;1,4404;0,1609;-0,2596;-0,1230;0,0572;-0,9561;;False
707,53;48.04;pa010​;20250411_094227;1;TUG2;0,0561;1,4403;0,1615;-0,2616;-0,1226;0,0586;-0,9556;;False
707,54;48.05;pa010​;20250411_094227;1;TUG2;0,0560;1,4400;0,1621;-0,2615;-0,1238;0,0620;-0,9552;;False
707,56;48.07;pa010​;20250411_094227;1;TUG2;0,0562;1,4398;0,1625;-0,2597;-0,1227;0,0628;-0,9558;;False
707,57;48.08;pa010​;20250411_094227;1;TUG2;0,0566;1,4401;0,1630;-0,2606;-0,1236;0,0610;-0,9555;;False
707,59;48.1;pa010​;20250411_094227;1;TUG2;0,0570;1,4399;0,1635;-0,2604;-0,1241;0,0603;-0,9556;;False
707,60;48.11;pa010​;20250411_094227;1;TUG2;0,0570;1,4398;0,1637;-0,2610;-0,1263;0,0616;-0,9551;;False
707,61;48.12;pa010​;20250411_094227;1;TUG2;0,0571;1,4397;0,1642;-0,2622;-0,1278;0,0625;-0,9545;;False
707,63;48.14;pa010​;20250411_094227;1;TUG2;0,0572;1,4396;0,1648;-0,2631;-0,1287;0,0619;-0,9542;;False
707,64;48.15;pa010​;20250411_094227;1;TUG2;0,0572;1,4397;0,1655;-0,2637;-0,1292;0,0606;-0,9540;;False
707,66;48.17;pa010​;20250411_094227;1;TUG2;0,0572;1,4400;0,1661;-0,2633;-0,1296;0,0594;-0,9541;;False
707,67;48.18;pa010​;20250411_094227;1;TUG2;0,0572;1,4404;0,1670;-0,2623;-0,1297;0,0588;-0,9544;;False
707,68;48.19;pa010​;20250411_094227;1;TUG2;0,0572;1,4408;0,1677;-0,2597;-0,1287;0,0581;-0,9553;;False
707,70;48.21;pa010​;20250411_094227;1;TUG2;0,0572;1,4415;0,1682;-0,2575;-0,1277;0,0586;-0,9560;;False
707,71;48.22;pa010​;20250411_094227;1;TUG2;0,0574;1,4423;0,1686;-0,2548;-0,1268;0,0596;-0,9568;;False
707,73;48.23;pa010​;20250411_094227;1;TUG2;0,0578;1,4432;0,1690;-0,2516;-0,1266;0,0604;-0,9576;;False
707,74;48.25;pa010​;20250411_094227;1;TUG2;0,0582;1,4442;0,1695;-0,2478;-0,1276;0,0615;-0,9584;;False
707,75;48.26;pa010​;20250411_094227;1;TUG2;0,0584;1,4453;0,1700;-0,2434;-0,1290;0,0613;-0,9593;;False
707,77;48.28;pa010​;20250411_094227;1;TUG2;0,0587;1,4463;0,1704;-0,2399;-0,1294;0,0606;-0,9602;;False
707,78;48.29;pa010​;20250411_094227;1;TUG2;0,0585;1,4475;0,1708;-0,2366;-0,1296;0,0588;-0,9611;;False
707,80;48.3;pa010​;20250411_094227;1;TUG2;0,0584;1,4487;0,1710;-0,2333;-0,1291;0,0577;-0,9621;;False
707,81;48.32;pa010​;20250411_094227;1;TUG2;0,0582;1,4501;0,1713;-0,2300;-0,1281;0,0567;-0,9631;;False
707,82;48.33;pa010​;20250411_094227;1;TUG2;0,0578;1,4519;0,1718;-0,2254;-0,1263;0,0550;-0,9645;;False
707,84;48.35;pa010​;20250411_094227;1;TUG2;0,0572;1,4538;0,1722;-0,2195;-0,1246;0,0545;-0,9661;;False
707,85;48.36;pa010​;20250411_094227;1;TUG2;0,0565;1,4558;0,1725;-0,2132;-0,1212;0,0538;-0,9680;;False
707,86;48.37;pa010​;20250411_094227;1;TUG2;0,0556;1,4579;0,1728;-0,2075;-0,1165;0,0541;-0,9698;;False
707,88;48.39;pa010​;20250411_094227;1;TUG2;0,0547;1,4600;0,1732;-0,2014;-0,1119;0,0551;-0,9715;;False
707,89;48.4;pa010​;20250411_094227;1;TUG2;0,0537;1,4621;0,1737;-0,1952;-0,1074;0,0559;-0,9733;;False
707,91;48.41;pa010​;20250411_094227;1;TUG2;0,0528;1,4643;0,1742;-0,1886;-0,1023;0,0563;-0,9751;;False
707,92;48.43;pa010​;20250411_094227;1;TUG2;0,0519;1,4665;0,1745;-0,1816;-0,0963;0,0567;-0,9770;;False
707,93;48.44;pa010​;20250411_094227;1;TUG2;0,0508;1,4687;0,1750;-0,1743;-0,0905;0,0581;-0,9788;;False
707,95;48.46;pa010​;20250411_094227;1;TUG2;0,0501;1,4709;0,1754;-0,1656;-0,0854;0,0611;-0,9806;;False
707,96;48.47;pa010​;20250411_094227;1;TUG2;0,0495;1,4731;0,1759;-0,1575;-0,0814;0,0623;-0,9822;;False
707,98;48.48;pa010​;20250411_094227;1;TUG2;0,0490;1,4753;0,1765;-0,1497;-0,0782;0,0629;-0,9836;;False
707,99;48.5;pa010​;20250411_094227;1;TUG2;0,0490;1,4774;0,1770;-0,1417;-0,0771;0,0630;-0,9849;;False
708,00;48.51;pa010​;20250411_094227;1;TUG2;0,0493;1,4793;0,1776;-0,1337;-0,0780;0,0610;-0,9861;;False
708,02;48.53;pa010​;20250411_094227;1;TUG2;0,0499;1,4810;0,1782;-0,1267;-0,0823;0,0568;-0,9869;;False
708,03;48.54;pa010​;20250411_094227;1;TUG2;0,0506;1,4824;0,1784;-0,1212;-0,0885;0,0519;-0,9873;;False
708,05;48.55;pa010​;20250411_094227;1;TUG2;0,0513;1,4833;0,1784;-0,1182;-0,0950;0,0478;-0,9873;;False
708,06;48.57;pa010​;20250411_094227;1;TUG2;0,0518;1,4839;0,1782;-0,1176;-0,1012;0,0440;-0,9869;;False
708,07;48.58;pa010​;20250411_094227;1;TUG2;0,0522;1,4845;0,1778;-0,1184;-0,1050;0,0408;-0,9866;;False
708,09;48.6;pa010​;20250411_094227;1;TUG2;0,0521;1,4855;0,1778;-0,1184;-0,1059;0,0388;-0,9865;;False
708,10;48.61;pa010​;20250411_094227;1;TUG2;0,0517;1,4868;0,1783;-0,1162;-0,1032;0,0393;-0,9871;;False
708,11;48.62;pa010​;20250411_094227;1;TUG2;0,0512;1,4882;0,1792;-0,1111;-0,0974;0,0420;-0,9881;;False
708,13;48.64;pa010​;20250411_094227;1;TUG2;0,0511;1,4894;0,1802;-0,1042;-0,0910;0,0453;-0,9893;;False
708,14;48.65;pa010​;20250411_094227;1;TUG2;0,0509;1,4904;0,1804;-0,0999;-0,0857;0,0493;-0,9901;;False
708,16;48.67;pa010​;20250411_094227;1;TUG2;0,0508;1,4915;0,1806;-0,0967;-0,0820;0,0528;-0,9905;;False
708,17;48.68;pa010​;20250411_094227;1;TUG2;0,0511;1,4929;0,1806;-0,0925;-0,0802;0,0554;-0,9909;;False
708,18;48.69;pa010​;20250411_094227;1;TUG2;0,0517;1,4946;0,1809;-0,0871;-0,0800;0,0541;-0,9915;;False
708,20;48.71;pa010​;20250411_094227;1;TUG2;0,0525;1,4960;0,1809;-0,0803;-0,0814;0,0503;-0,9922;;False
708,21;48.72;pa010​;20250411_094227;1;TUG2;0,0532;1,4974;0,1805;-0,0749;-0,0852;0,0470;-0,9924;;False
708,23;48.73;pa010​;20250411_094227;1;TUG2;0,0541;1,4987;0,1799;-0,0708;-0,0897;0,0444;-0,9925;;False
708,24;48.75;pa010​;20250411_094227;1;TUG2;0,0551;1,5001;0,1792;-0,0669;-0,0945;0,0418;-0,9924;;False
708,25;48.76;pa010​;20250411_094227;1;TUG2;0,0560;1,5014;0,1785;-0,0622;-0,0991;0,0398;-0,9923;;False
708,27;48.78;pa010​;20250411_094227;1;TUG2;0,0570;1,5028;0,1778;-0,0577;-0,1029;0,0385;-0,9923;;False
708,28;48.79;pa010​;20250411_094227;1;TUG2;0,0579;1,5041;0,1771;-0,0537;-0,1071;0,0377;-0,9921;;False
708,30;48.8;pa010​;20250411_094227;1;TUG2;0,0586;1,5051;0,1762;-0,0498;-0,1109;0,0370;-0,9919;;False
708,31;48.82;pa010​;20250411_094227;1;TUG2;0,0591;1,5060;0,1752;-0,0466;-0,1136;0,0361;-0,9918;;False
708,32;48.83;pa010​;20250411_094227;1;TUG2;0,0593;1,5069;0,1742;-0,0437;-0,1158;0,0361;-0,9917;;False
708,34;48.85;pa010​;20250411_094227;1;TUG2;0,0594;1,5078;0,1732;-0,0403;-0,1161;0,0358;-0,9918;;False
708,35;48.86;pa010​;20250411_094227;1;TUG2;0,0593;1,5087;0,1723;-0,0366;-0,1155;0,0358;-0,9920;;False
708,37;48.87;pa010​;20250411_094227;1;TUG2;0,0591;1,5095;0,1714;-0,0329;-0,1145;0,0365;-0,9922;;False
708,38;48.89;pa010​;20250411_094227;1;TUG2;0,0587;1,5104;0,1705;-0,0293;-0,1134;0,0367;-0,9924;;False
708,39;48.9;pa010​;20250411_094227;1;TUG2;0,0585;1,5113;0,1697;-0,0240;-0,1122;0,0364;-0,9927;;False
708,41;48.92;pa010​;20250411_094227;1;TUG2;0,0582;1,5121;0,1686;-0,0194;-0,1116;0,0365;-0,9929;;False
708,42;48.93;pa010​;20250411_094227;1;TUG2;0,0579;1,5124;0,1671;-0,0173;-0,1110;0,0364;-0,9930;;False
708,43;48.94;pa010​;20250411_094227;1;TUG2;0,0578;1,5126;0,1656;-0,0166;-0,1111;0,0359;-0,9930;;False
708,45;48.96;pa010​;20250411_094227;1;TUG2;0,0579;1,5131;0,1640;-0,0160;-0,1123;0,0349;-0,9929;;False
708,46;48.97;pa010​;20250411_094227;1;TUG2;0,0582;1,5139;0,1625;-0,0145;-0,1139;0,0339;-0,9928;;False
708,48;48.98;pa010​;20250411_094227;1;TUG2;0,0584;1,5146;0,1609;-0,0117;-0,1161;0,0331;-0,9926;;False
708,49;49.0;pa010​;20250411_094227;1;TUG2;0,0586;1,5152;0,1592;-0,0086;-0,1189;0,0323;-0,9923;;False
708,50;49.01;pa010​;20250411_094227;1;TUG2;0,0588;1,5156;0,1573;-0,0063;-0,1217;0,0315;-0,9921;;False
708,52;49.03;pa010​;20250411_094227;1;TUG2;0,0590;1,5160;0,1555;-0,0047;-0,1250;0,0310;-0,9917;;False
708,53;49.04;pa010​;20250411_094227;1;TUG2;0,0592;1,5164;0,1537;-0,0039;-0,1281;0,0298;-0,9913;;False
708,55;49.05;pa010​;20250411_094227;1;TUG2;0,0593;1,5168;0,1518;-0,0030;-0,1309;0,0287;-0,9910;;False
708,56;49.07;pa010​;20250411_094227;1;TUG2;0,0594;1,5173;0,1500;-0,0026;-0,1332;0,0275;-0,9907;;False
708,57;49.08;pa010​;20250411_094227;1;TUG2;0,0592;1,5178;0,1483;-0,0017;-0,1346;0,0270;-0,9905;;False
708,59;49.1;pa010​;20250411_094227;1;TUG2;0,0589;1,5184;0,1469;-0,0001;-0,1347;0,0275;-0,9905;;False
708,60;49.11;pa010​;20250411_094227;1;TUG2;0,0586;1,5189;0,1455;0,0020;-0,1340;0,0288;-0,9906;;False
708,61;49.12;pa010​;20250411_094227;1;TUG2;0,0584;1,5194;0,1444;0,0046;-0,1330;0,0299;-0,9907;;False
708,63;49.14;pa010​;20250411_094227;1;TUG2;0,0583;1,5198;0,1433;0,0069;-0,1327;0,0309;-0,9907;;False
708,64;49.15;pa010​;20250411_094227;1;TUG2;0,0583;1,5200;0,1422;0,0081;-0,1327;0,0306;-0,9906;;False
708,66;49.17;pa010​;20250411_094227;1;TUG2;0,0584;1,5199;0,1412;0,0090;-0,1333;0,0296;-0,9906;;False
708,67;49.18;pa010​;20250411_094227;1;TUG2;0,0584;1,5197;0,1403;0,0084;-0,1345;0,0291;-0,9905;;False
708,68;49.19;pa010​;20250411_094227;1;TUG2;0,0585;1,5195;0,1396;0,0069;-0,1352;0,0289;-0,9904;;False
708,70;49.21;pa010​;20250411_094227;1;TUG2;0,0586;1,5190;0,1390;0,0043;-0,1359;0,0287;-0,9903;;False
708,71;49.22;pa010​;20250411_094227;1;TUG2;0,0586;1,5184;0,1385;0,0014;-0,1365;0,0289;-0,9902;;False
708,73;49.24;pa010​;20250411_094227;1;TUG2;0,0586;1,5177;0,1383;-0,0014;-0,1368;0,0290;-0,9902;;False
708,74;49.25;pa010​;20250411_094227;1;TUG2;0,0587;1,5170;0,1382;-0,0038;-0,1365;0,0293;-0,9902;;False
708,75;49.26;pa010​;20250411_094227;1;TUG2;0,0586;1,5162;0,1383;-0,0063;-0,1354;0,0299;-0,9903;;False
708,77;49.28;pa010​;20250411_094227;1;TUG2;0,0584;1,5154;0,1383;-0,0101;-0,1337;0,0310;-0,9905;;False
708,78;49.29;pa010​;20250411_094227;1;TUG2;0,0580;1,5146;0,1382;-0,0144;-0,1313;0,0322;-0,9907;;False
708,80;49.3;pa010​;20250411_094227;1;TUG2;0,0574;1,5138;0,1382;-0,0191;-0,1282;0,0338;-0,9910;;False
708,81;49.32;pa010​;20250411_094227;1;TUG2;0,0568;1,5130;0,1383;-0,0239;-0,1245;0,0351;-0,9913;;False
708,82;49.33;pa010​;20250411_094227;1;TUG2;0,0562;1,5122;0,1385;-0,0288;-0,1202;0,0361;-0,9917;;False
708,84;49.35;pa010​;20250411_094227;1;TUG2;0,0555;1,5114;0,1386;-0,0335;-0,1159;0,0367;-0,9920;;False
708,85;49.36;pa010​;20250411_094227;1;TUG2;0,0548;1,5106;0,1387;-0,0382;-0,1118;0,0368;-0,9923;;False
708,87;49.37;pa010​;20250411_094227;1;TUG2;0,0542;1,5099;0,1387;-0,0416;-0,1079;0,0366;-0,9926;;False
708,88;49.39;pa010​;20250411_094227;1;TUG2;0,0535;1,5095;0,1390;-0,0435;-0,1051;0,0358;-0,9929;;False
708,89;49.4;pa010​;20250411_094227;1;TUG2;0,0528;1,5091;0,1392;-0,0454;-0,1020;0,0353;-0,9931;;False
708,91;49.42;pa010​;20250411_094227;1;TUG2;0,0521;1,5085;0,1393;-0,0475;-0,0989;0,0350;-0,9933;;False
708,92;49.43;pa010​;20250411_094227;1;TUG2;0,0514;1,5080;0,1395;-0,0507;-0,0957;0,0350;-0,9935;;False
708,95;49.46;pa010​;20250411_094227;1;TUG2;0,0502;1,5065;0,1397;-0,0581;-0,0892;0,0363;-0,9937;;False
708,96;49.47;pa010​;20250411_094227;1;TUG2;0,0496;1,5055;0,1397;-0,0623;-0,0857;0,0375;-0,9937;;False
708,97;49.48;pa010​;20250411_094227;1;TUG2;0,0491;1,5046;0,1399;-0,0675;-0,0824;0,0393;-0,9935;;False
708,99;49.5;pa010​;20250411_094227;1;TUG2;0,0487;1,5038;0,1400;-0,0717;-0,0795;0,0411;-0,9934;;False
709,00;49.51;pa010​;20250411_094227;1;TUG2;0,0487;1,5034;0,1403;-0,0740;-0,0770;0,0426;-0,9934;;False
709,02;49.53;pa010​;20250411_094227;1;TUG2;0,0485;1,5031;0,1407;-0,0733;-0,0759;0,0434;-0,9935;;False
709,03;49.54;pa010​;20250411_094227;1;TUG2;0,0484;1,5028;0,1409;-0,0733;-0,0748;0,0440;-0,9935;;False
709,04;49.55;pa010​;20250411_094227;1;TUG2;0,0481;1,5022;0,1406;-0,0746;-0,0743;0,0444;-0,9935;;False
709,06;49.57;pa010​;20250411_094227;1;TUG2;0,0479;1,5016;0,1404;-0,0771;-0,0737;0,0445;-0,9933;;False
709,07;49.58;pa010​;20250411_094227;1;TUG2;0,0476;1,5013;0,1402;-0,0792;-0,0734;0,0442;-0,9932;;False
709,09;49.6;pa010​;20250411_094227;1;TUG2;0,0474;1,5010;0,1400;-0,0805;-0,0729;0,0441;-0,9931;;False
709,10;49.61;pa010​;20250411_094227;1;TUG2;0,0471;1,5007;0,1398;-0,0817;-0,0725;0,0440;-0,9930;;False
709,11;49.62;pa010​;20250411_094227;1;TUG2;0,0469;1,5005;0,1395;-0,0829;-0,0721;0,0438;-0,9930;;False
709,13;49.64;pa010​;20250411_094227;1;TUG2;0,0466;1,5004;0,1393;-0,0838;-0,0715;0,0439;-0,9929;;False
709,14;49.65;pa010​;20250411_094227;1;TUG2;0,0464;1,5004;0,1391;-0,0837;-0,0712;0,0439;-0,9930;;False
709,16;49.67;pa010​;20250411_094227;1;TUG2;0,0461;1,5004;0,1388;-0,0831;-0,0713;0,0439;-0,9930;;False
709,17;49.68;pa010​;20250411_094227;1;TUG2;0,0459;1,5003;0,1385;-0,0831;-0,0715;0,0438;-0,9930;;False
709,18;49.69;pa010​;20250411_094227;1;TUG2;0,0457;1,5001;0,1381;-0,0836;-0,0720;0,0436;-0,9929;;False
709,20;49.71;pa010​;20250411_094227;1;TUG2;0,0456;1,4999;0,1377;-0,0844;-0,0727;0,0432;-0,9928;;False
709,21;49.72;pa010​;20250411_094227;1;TUG2;0,0454;1,4996;0,1373;-0,0852;-0,0737;0,0429;-0,9927;;False
709,23;49.73;pa010​;20250411_094227;1;TUG2;0,0453;1,4994;0,1370;-0,0860;-0,0743;0,0425;-0,9926;;False
709,24;49.75;pa010​;20250411_094227;1;TUG2;0,0451;1,4992;0,1367;-0,0867;-0,0744;0,0426;-0,9925;;False
709,25;49.76;pa010​;20250411_094227;1;TUG2;0,0450;1,4990;0,1363;-0,0867;-0,0747;0,0432;-0,9925;;False
709,27;49.78;pa010​;20250411_094227;1;TUG2;0,0449;1,4991;0,1360;-0,0859;-0,0751;0,0438;-0,9925;;False
709,28;49.79;pa010​;20250411_094227;1;TUG2;0,0449;1,4991;0,1357;-0,0847;-0,0759;0,0441;-0,9925;;False
709,30;49.81;pa010​;20250411_094227;1;TUG2;0,0450;1,4992;0,1353;-0,0838;-0,0771;0,0441;-0,9925;;False
709,31;49.82;pa010​;20250411_094227;1;TUG2;0,0451;1,4992;0,1349;-0,0831;-0,0784;0,0438;-0,9925;;False
709,32;49.83;pa010​;20250411_094227;1;TUG2;0,0453;1,4993;0,1344;-0,0824;-0,0803;0,0440;-0,9924;;False
709,34;49.85;pa010​;20250411_094227;1;TUG2;0,0454;1,4996;0,1340;-0,0811;-0,0819;0,0437;-0,9924;;False
709,35;49.86;pa010​;20250411_094227;1;TUG2;0,0456;1,4998;0,1337;-0,0791;-0,0833;0,0435;-0,9924;;False
709,37;49.87;pa010​;20250411_094227;1;TUG2;0,0457;1,5003;0,1333;-0,0767;-0,0845;0,0432;-0,9925;;False
709,38;49.89;pa010​;20250411_094227;1;TUG2;0,0459;1,5007;0,1330;-0,0742;-0,0853;0,0431;-0,9927;;False
709,39;49.9;pa010​;20250411_094227;1;TUG2;0,0460;1,5012;0,1326;-0,0721;-0,0859;0,0431;-0,9928;;False
709,41;49.92;pa010​;20250411_094227;1;TUG2;0,0461;1,5016;0,1322;-0,0698;-0,0863;0,0432;-0,9929;;False
709,42;49.93;pa010​;20250411_094227;1;TUG2;0,0461;1,5020;0,1319;-0,0675;-0,0865;0,0434;-0,9930;;False
709,43;49.94;pa010​;20250411_094227;1;TUG2;0,0461;1,5023;0,1316;-0,0654;-0,0867;0,0433;-0,9931;;False
709,45;49.96;pa010​;20250411_094227;1;TUG2;0,0461;1,5027;0,1313;-0,0637;-0,0867;0,0433;-0,9932;;False
709,46;49.97;pa010​;20250411_094227;1;TUG2;0,0461;1,5030;0,1310;-0,0622;-0,0867;0,0433;-0,9933;;False
709,48;49.98;pa010​;20250411_094227;1;TUG2;0,0460;1,5032;0,1308;-0,0607;-0,0866;0,0434;-0,9935;;False
709,49;50.0;pa010​;20250411_094227;1;TUG2;0,0460;1,5034;0,1306;-0,0589;-0,0865;0,0437;-0,9935;;False
709,50;50.01;pa010​;20250411_094227;1;TUG2;0,0460;1,5036;0,1304;-0,0577;-0,0866;0,0436;-0,9936;;False
709,52;50.03;pa010​;20250411_094227;1;TUG2;0,0459;1,5037;0,1303;-0,0567;-0,0868;0,0436;-0,9937;;False
709,53;50.04;pa010​;20250411_094227;1;TUG2;0,0459;1,5040;0,1301;-0,0558;-0,0869;0,0433;-0,9937;;False
709,55;50.05;pa010​;20250411_094227;1;TUG2;0,0458;1,5040;0,1300;-0,0552;-0,0871;0,0435;-0,9937;;False
709,56;50.07;pa010​;20250411_094227;1;TUG2;0,0459;1,5041;0,1299;-0,0546;-0,0874;0,0438;-0,9937;;False
709,57;50.08;pa010​;20250411_094227;1;TUG2;0,0459;1,5041;0,1298;-0,0544;-0,0875;0,0442;-0,9937;;False
709,59;50.1;pa010​;20250411_094227;1;TUG2;0,0458;1,5041;0,1298;-0,0545;-0,0877;0,0443;-0,9937;;False
709,60;50.11;pa010​;20250411_094227;1;TUG2;0,0457;1,5040;0,1298;-0,0545;-0,0880;0,0447;-0,9936;;False
709,61;50.12;pa010​;20250411_094227;1;TUG2;0,0456;1,5040;0,1298;-0,0542;-0,0884;0,0448;-0,9936;;False
709,63;50.14;pa010​;20250411_094227;1;TUG2;0,0456;1,5039;0,1299;-0,0540;-0,0888;0,0446;-0,9936;;False
709,64;50.15;pa010​;20250411_094227;1;TUG2;0,0454;1,5039;0,1299;-0,0540;-0,0892;0,0445;-0,9936;;False
709,66;50.17;pa010​;20250411_094227;1;TUG2;0,0452;1,5038;0,1299;-0,0543;-0,0895;0,0442;-0,9935;;False
709,67;50.18;pa010​;20250411_094227;1;TUG2;0,0450;1,5037;0,1299;-0,0547;-0,0897;0,0441;-0,9935;;False
709,68;50.19;pa010​;20250411_094227;1;TUG2;0,0448;1,5036;0,1299;-0,0552;-0,0897;0,0439;-0,9935;;False
709,70;50.21;pa010​;20250411_094227;1;TUG2;0,0446;1,5035;0,1300;-0,0553;-0,0896;0,0438;-0,9935;;False
709,71;50.22;pa010​;20250411_094227;1;TUG2;0,0444;1,5035;0,1300;-0,0554;-0,0894;0,0440;-0,9935;;False
709,73;50.24;pa010​;20250411_094227;1;TUG2;0,0442;1,5035;0,1300;-0,0555;-0,0895;0,0441;-0,9935;;False
709,74;50.25;pa010​;20250411_094227;1;TUG2;0,0441;1,5035;0,1300;-0,0552;-0,0902;0,0444;-0,9934;;False
709,75;50.26;pa010​;20250411_094227;1;TUG2;0,0440;1,5034;0,1300;-0,0551;-0,0915;0,0443;-0,9933;;False
709,77;50.28;pa010​;20250411_094227;1;TUG2;0,0441;1,5033;0,1301;-0,0554;-0,0932;0,0440;-0,9931;;False
709,78;50.29;pa010​;20250411_094227;1;TUG2;0,0442;1,5032;0,1301;-0,0569;-0,0952;0,0435;-0,9929;;False
709,80;50.3;pa010​;20250411_094227;1;TUG2;0,0443;1,5029;0,1300;-0,0589;-0,0975;0,0431;-0,9926;;False
709,81;50.32;pa010​;20250411_094227;1;TUG2;0,0447;1,5023;0,1299;-0,0612;-0,1003;0,0429;-0,9921;;False
709,82;50.33;pa010​;20250411_094227;1;TUG2;0,0448;1,5019;0,1299;-0,0638;-0,1033;0,0425;-0,9917;;False
709,84;50.35;pa010​;20250411_094227;1;TUG2;0,0451;1,5015;0,1298;-0,0668;-0,1060;0,0424;-0,9912;;False
709,85;50.36;pa010​;20250411_094227;1;TUG2;0,0454;1,5012;0,1298;-0,0695;-0,1087;0,0420;-0,9908;;False
709,86;50.37;pa010​;20250411_094227;1;TUG2;0,0457;1,5009;0,1299;-0,0708;-0,1112;0,0425;-0,9904;;False
709,88;50.39;pa010​;20250411_094227;1;TUG2;0,0460;1,5008;0,1301;-0,0710;-0,1139;0,0430;-0,9900;;False
709,89;50.4;pa010​;20250411_094227;1;TUG2;0,0462;1,5007;0,1302;-0,0712;-0,1158;0,0436;-0,9898;;False
709,91;50.41;pa010​;20250411_094227;1;TUG2;0,0463;1,5005;0,1302;-0,0720;-0,1176;0,0439;-0,9895;;False
709,92;50.43;pa010​;20250411_094227;1;TUG2;0,0464;1,5003;0,1303;-0,0732;-0,1185;0,0438;-0,9893;;False
709,93;50.44;pa010​;20250411_094227;1;TUG2;0,0466;1,5002;0,1304;-0,0745;-0,1190;0,0438;-0,9891;;False
709,95;50.46;pa010​;20250411_094227;1;TUG2;0,0466;1,5000;0,1305;-0,0756;-0,1197;0,0438;-0,9890;;False
709,96;50.47;pa010​;20250411_094227;1;TUG2;0,0465;1,4998;0,1306;-0,0767;-0,1203;0,0433;-0,9888;;False
709,98;50.48;pa010​;20250411_094227;1;TUG2;0,0465;1,4996;0,1307;-0,0783;-0,1214;0,0427;-0,9886;;False
709,99;50.5;pa010​;20250411_094227;1;TUG2;0,0466;1,4994;0,1308;-0,0796;-0,1226;0,0421;-0,9884;;False
710,00;50.51;pa010​;20250411_094227;1;TUG2;0,0467;1,4992;0,1309;-0,0807;-0,1239;0,0416;-0,9881;;False
710,02;50.53;pa010​;20250411_094227;1;TUG2;0,0468;1,4990;0,1310;-0,0814;-0,1253;0,0413;-0,9879;;False
710,03;50.54;pa010​;20250411_094227;1;TUG2;0,0470;1,4988;0,1311;-0,0821;-0,1262;0,0414;-0,9877;;False
710,05;50.55;pa010​;20250411_094227;1;TUG2;0,0473;1,4986;0,1311;-0,0828;-0,1270;0,0417;-0,9876;;False
710,06;50.57;pa010​;20250411_094227;1;TUG2;0,0475;1,4986;0,1312;-0,0831;-0,1275;0,0421;-0,9875;;False
710,07;50.58;pa010​;20250411_094227;1;TUG2;0,0477;1,4984;0,1312;-0,0830;-0,1278;0,0427;-0,9874;;False
710,09;50.6;pa010​;20250411_094227;1;TUG2;0,0479;1,4985;0,1312;-0,0823;-0,1285;0,0429;-0,9874;;False
710,10;50.61;pa010​;20250411_094227;1;TUG2;0,0481;1,4986;0,1312;-0,0814;-0,1291;0,0431;-0,9874;;False
710,11;50.62;pa010​;20250411_094227;1;TUG2;0,0482;1,4988;0,1310;-0,0807;-0,1300;0,0430;-0,9873;;False
710,13;50.64;pa010​;20250411_094227;1;TUG2;0,0484;1,4990;0,1307;-0,0798;-0,1311;0,0426;-0,9872;;False
710,14;50.65;pa010​;20250411_094227;1;TUG2;0,0486;1,4992;0,1305;-0,0790;-0,1321;0,0421;-0,9872;;False
710,16;50.67;pa010​;20250411_094227;1;TUG2;0,0488;1,4995;0,1301;-0,0785;-0,1330;0,0416;-0,9871;;False
710,17;50.68;pa010​;20250411_094227;1;TUG2;0,0489;1,4996;0,1299;-0,0780;-0,1335;0,0414;-0,9871;;False
710,18;50.69;pa010​;20250411_094227;1;TUG2;0,0491;1,4998;0,1298;-0,0777;-0,1340;0,0417;-0,9871;;False
710,20;50.71;pa010​;20250411_094227;1;TUG2;0,0492;1,5000;0,1298;-0,0775;-0,1341;0,0421;-0,9870;;False
710,21;50.72;pa010​;20250411_094227;1;TUG2;0,0494;1,5002;0,1296;-0,0771;-0,1342;0,0424;-0,9870;;False
710,23;50.73;pa010​;20250411_094227;1;TUG2;0,0495;1,5003;0,1295;-0,0766;-0,1339;0,0427;-0,9871;;False
710,24;50.75;pa010​;20250411_094227;1;TUG2;0,0496;1,5004;0,1293;-0,0760;-0,1339;0,0428;-0,9871;;False
710,25;50.76;pa010​;20250411_094227;1;TUG2;0,0497;1,5005;0,1293;-0,0753;-0,1343;0,0427;-0,9872;;False
710,27;50.78;pa010​;20250411_094227;1;TUG2;0,0499;1,5007;0,1292;-0,0740;-0,1351;0,0423;-0,9872;;False
710,28;50.79;pa010​;20250411_094227;1;TUG2;0,0502;1,5009;0,1291;-0,0723;-0,1362;0,0414;-0,9872;;False
710,29;50.8;pa010​;20250411_094227;1;TUG2;0,0505;1,5014;0,1291;-0,0701;-0,1373;0,0400;-0,9872;;False
710,31;50.82;pa010​;20250411_094227;1;TUG2;0,0508;1,5017;0,1289;-0,0680;-0,1379;0,0392;-0,9873;;False
710,32;50.83;pa010​;20250411_094227;1;TUG2;0,0510;1,5022;0,1286;-0,0657;-0,1382;0,0388;-0,9875;;False
710,34;50.85;pa010​;20250411_094227;1;TUG2;0,0513;1,5027;0,1285;-0,0625;-0,1382;0,0386;-0,9877;;False
710,35;50.86;pa010​;20250411_094227;1;TUG2;0,0515;1,5034;0,1284;-0,0584;-0,1379;0,0384;-0,9880;;False
710,37;50.87;pa010​;20250411_094227;1;TUG2;0,0517;1,5041;0,1281;-0,0542;-0,1383;0,0386;-0,9882;;False
710,38;50.89;pa010​;20250411_094227;1;TUG2;0,0519;1,5048;0,1279;-0,0501;-0,1390;0,0386;-0,9883;;False
710,39;50.9;pa010​;20250411_094227;1;TUG2;0,0524;1,5056;0,1276;-0,0460;-0,1395;0,0380;-0,9884;;False
710,41;50.92;pa010​;20250411_094227;1;TUG2;0,0528;1,5064;0,1273;-0,0415;-0,1408;0,0368;-0,9885;;False
710,42;50.93;pa010​;20250411_094227;1;TUG2;0,0534;1,5071;0,1271;-0,0375;-0,1422;0,0361;-0,9885;;False
710,43;50.94;pa010​;20250411_094227;1;TUG2;0,0539;1,5078;0,1269;-0,0338;-0,1442;0,0352;-0,9883;;False
710,45;50.96;pa010​;20250411_094227;1;TUG2;0,0546;1,5085;0,1266;-0,0300;-0,1469;0,0347;-0,9881;;False
710,46;50.97;pa010​;20250411_094227;1;TUG2;0,0552;1,5092;0,1264;-0,0262;-0,1508;0,0332;-0,9877;;False
710,48;50.98;pa010​;20250411_094227;1;TUG2;0,0564;1,5099;0,1260;-0,0225;-0,1551;0,0321;-0,9871;;False
710,49;51.0;pa010​;20250411_094227;1;TUG2;0,0576;1,5105;0,1256;-0,0188;-0,1610;0,0307;-0,9863;;False
710,50;51.01;pa010​;20250411_094227;1;TUG2;0,0590;1,5110;0,1250;-0,0157;-0,1687;0,0291;-0,9851;;False
710,52;51.03;pa010​;20250411_094227;1;TUG2;0,0605;1,5114;0,1243;-0,0133;-0,1771;0,0270;-0,9837;;False
710,53;51.04;pa010​;20250411_094227;1;TUG2;0,0621;1,5118;0,1235;-0,0120;-0,1858;0,0253;-0,9822;;False
710,54;51.05;pa010​;20250411_094227;1;TUG2;0,0637;1,5121;0,1227;-0,0102;-0,1953;0,0232;-0,9804;;False
710,56;51.07;pa010​;20250411_094227;1;TUG2;0,0656;1,5125;0,1219;-0,0082;-0,2062;0,0208;-0,9783;;False
710,57;51.08;pa010​;20250411_094227;1;TUG2;0,0677;1,5130;0,1209;-0,0053;-0,2178;0,0185;-0,9758;;False
710,59;51.1;pa010​;20250411_094227;1;TUG2;0,0698;1,5135;0,1197;-0,0031;-0,2313;0,0157;-0,9727;;False
710,60;51.11;pa010​;20250411_094227;1;TUG2;0,0719;1,5138;0,1184;-0,0016;-0,2446;0,0129;-0,9695;;False
710,61;51.12;pa010​;20250411_094227;1;TUG2;0,0741;1,5141;0,1170;-0,0005;-0,2583;0,0098;-0,9660;;False
710,63;51.14;pa010​;20250411_094227;1;TUG2;0,0763;1,5145;0,1157;0,0004;-0,2721;0,0072;-0,9623;;False
710,64;51.15;pa010​;20250411_094227;1;TUG2;0,0785;1,5147;0,1144;0,0012;-0,2849;0,0045;-0,9586;;False
710,65;51.16;pa010​;20250411_094227;1;TUG2;0,0806;1,5149;0,1132;0,0017;-0,2974;0,0027;-0,9548;;False
710,67;51.18;pa010​;20250411_094227;1;TUG2;0,0826;1,5151;0,1119;0,0018;-0,3091;0,0017;-0,9510;;False
710,68;51.19;pa010​;20250411_094227;1;TUG2;0,0846;1,5151;0,1106;0,0019;-0,3202;0,0007;-0,9473;;False
710,70;51.21;pa010​;20250411_094227;1;TUG2;0,0865;1,5152;0,1093;0,0019;-0,3314;-0,0002;-0,9435;;False
710,71;51.22;pa010​;20250411_094227;1;TUG2;0,0885;1,5153;0,1080;0,0015;-0,3414;-0,0006;-0,9399;;False
710,72;51.23;pa010​;20250411_094227;1;TUG2;0,0903;1,5151;0,1067;0,0010;-0,3510;-0,0015;-0,9364;;False
710,74;51.25;pa010​;20250411_094227;1;TUG2;0,0920;1,5149;0,1055;0,0001;-0,3596;-0,0020;-0,9331;;False
710,75;51.26;pa010​;20250411_094227;1;TUG2;0,0937;1,5148;0,1044;-0,0003;-0,3674;-0,0021;-0,9301;;False
710,77;51.28;pa010​;20250411_094227;1;TUG2;0,0951;1,5147;0,1034;-0,0004;-0,3748;-0,0019;-0,9271;;False
710,78;51.29;pa010​;20250411_094227;1;TUG2;0,0965;1,5146;0,1024;-0,0008;-0,3816;-0,0015;-0,9243;;False
710,79;51.3;pa010​;20250411_094227;1;TUG2;0,0979;1,5144;0,1015;-0,0008;-0,3875;-0,0008;-0,9219;;False
710,81;51.32;pa010​;20250411_094227;1;TUG2;0,0991;1,5141;0,1006;-0,0014;-0,3930;-0,0003;-0,9195;;False
710,82;51.33;pa010​;20250411_094227;1;TUG2;0,1003;1,5138;0,0998;-0,0019;-0,3979;0,0005;-0,9174;;False
710,84;51.35;pa010​;20250411_094227;1;TUG2;0,1013;1,5136;0,0990;-0,0024;-0,4025;0,0010;-0,9154;;False
710,85;51.36;pa010​;20250411_094227;1;TUG2;0,1024;1,5134;0,0982;-0,0025;-0,4066;0,0010;-0,9136;;False
710,86;51.37;pa010​;20250411_094227;1;TUG2;0,1033;1,5133;0,0973;-0,0024;-0,4103;0,0014;-0,9120;;False
710,88;51.39;pa010​;20250411_094227;1;TUG2;0,1040;1,5131;0,0965;-0,0026;-0,4138;0,0014;-0,9104;;False
710,89;51.4;pa010​;20250411_094227;1;TUG2;0,1046;1,5130;0,0959;-0,0031;-0,4174;0,0015;-0,9087;;False
710,91;51.41;pa010​;20250411_094227;1;TUG2;0,1054;1,5129;0,0952;-0,0034;-0,4201;0,0015;-0,9075;;False
710,92;51.43;pa010​;20250411_094227;1;TUG2;0,1060;1,5129;0,0945;-0,0038;-0,4229;0,0018;-0,9061;;False
710,93;51.44;pa010​;20250411_094227;1;TUG2;0,1066;1,5129;0,0939;-0,0037;-0,4254;0,0017;-0,9050;;False
710,95;51.46;pa010​;20250411_094227;1;TUG2;0,1071;1,5127;0,0934;-0,0036;-0,4277;0,0015;-0,9039;;False
710,96;51.47;pa010​;20250411_094227;1;TUG2;0,1076;1,5127;0,0928;-0,0034;-0,4297;0,0013;-0,9030;;False
710,98;51.48;pa010​;20250411_094227;1;TUG2;0,1080;1,5127;0,0923;-0,0031;-0,4317;0,0019;-0,9020;;False
710,99;51.5;pa010​;20250411_094227;1;TUG2;0,1084;1,5125;0,0917;-0,0028;-0,4338;0,0023;-0,9010;;False
711,00;51.51;pa010​;20250411_094227;1;TUG2;0,1087;1,5124;0,0911;-0,0031;-0,4358;0,0025;-0,9000;;False
711,02;51.53;pa010​;20250411_094227;1;TUG2;0,1091;1,5123;0,0906;-0,0031;-0,4377;0,0027;-0,8991;;False
711,03;51.54;pa010​;20250411_094227;1;TUG2;0,1095;1,5121;0,0902;-0,0034;-0,4392;0,0030;-0,8984;;False
711,04;51.55;pa010​;20250411_094227;1;TUG2;0,1097;1,5119;0,0898;-0,0037;-0,4408;0,0031;-0,8976;;False
711,06;51.57;pa010​;20250411_094227;1;TUG2;0,1099;1,5117;0,0894;-0,0042;-0,4421;0,0036;-0,8969;;False
711,07;51.58;pa010​;20250411_094227;1;TUG2;0,1101;1,5117;0,0892;-0,0047;-0,4434;0,0039;-0,8963;;False
711,09;51.6;pa010​;20250411_094227;1;TUG2;0,1103;1,5116;0,0888;-0,0049;-0,4445;0,0041;-0,8958;;False
711,10;51.61;pa010​;20250411_094227;1;TUG2;0,1106;1,5114;0,0885;-0,0050;-0,4456;0,0042;-0,8952;;False
711,11;51.62;pa010​;20250411_094227;1;TUG2;0,1107;1,5113;0,0883;-0,0052;-0,4466;0,0041;-0,8947;;False
711,13;51.64;pa010​;20250411_094227;1;TUG2;0,1108;1,5111;0,0881;-0,0055;-0,4474;0,0041;-0,8943;;False
711,14;51.65;pa010​;20250411_094227;1;TUG2;0,1108;1,5109;0,0879;-0,0058;-0,4482;0,0041;-0,8939;;False
711,16;51.66;pa010​;20250411_094227;1;TUG2;0,1110;1,5108;0,0878;-0,0062;-0,4488;0,0040;-0,8936;;False
711,17;51.68;pa010​;20250411_094227;1;TUG2;0,1111;1,5105;0,0877;-0,0065;-0,4491;0,0040;-0,8935;;False
711,18;51.69;pa010​;20250411_094227;1;TUG2;0,1111;1,5104;0,0875;-0,0069;-0,4493;0,0041;-0,8933;;False
711,20;51.71;pa010​;20250411_094227;1;TUG2;0,1110;1,5103;0,0875;-0,0072;-0,4492;0,0042;-0,8934;;False
711,21;51.72;pa010​;20250411_094227;1;TUG2;0,1110;1,5101;0,0875;-0,0074;-0,4490;0,0043;-0,8935;;False
711,23;51.73;pa010​;20250411_094227;1;TUG2;0,1110;1,5099;0,0875;-0,0077;-0,4487;0,0044;-0,8936;;False
711,24;51.75;pa010​;20250411_094227;1;TUG2;0,1110;1,5098;0,0876;-0,0078;-0,4485;0,0046;-0,8937;;False
711,25;51.76;pa010​;20250411_094227;1;TUG2;0,1109;1,5096;0,0876;-0,0082;-0,4481;0,0047;-0,8939;;False
711,27;51.78;pa010​;20250411_094227;1;TUG2;0,1108;1,5095;0,0877;-0,0086;-0,4478;0,0045;-0,8941;;False
711,28;51.79;pa010​;20250411_094227;1;TUG2;0,1108;1,5094;0,0877;-0,0088;-0,4473;0,0044;-0,8943;;False
711,29;51.8;pa010​;20250411_094227;1;TUG2;0,1107;1,5092;0,0878;-0,0091;-0,4470;0,0042;-0,8945;;False
711,31;51.82;pa010​;20250411_094227;1;TUG2;0,1107;1,5092;0,0879;-0,0091;-0,4464;0,0042;-0,8948;;False
711,32;51.83;pa010​;20250411_094227;1;TUG2;0,1106;1,5092;0,0880;-0,0093;-0,4456;0,0042;-0,8952;;False
711,34;51.85;pa010​;20250411_094227;1;TUG2;0,1105;1,5092;0,0882;-0,0094;-0,4448;0,0044;-0,8956;;False
711,35;51.86;pa010​;20250411_094227;1;TUG2;0,1104;1,5091;0,0883;-0,0094;-0,4442;0,0045;-0,8959;;False
711,37;51.88;pa010​;20250411_094227;1;TUG2;0,1103;1,5091;0,0884;-0,0095;-0,4436;0,0045;-0,8962;;False
711,38;51.89;pa010​;20250411_094227;1;TUG2;0,1102;1,5090;0,0885;-0,0094;-0,4431;0,0044;-0,8964;;False
711,39;51.9;pa010​;20250411_094227;1;TUG2;0,1101;1,5090;0,0885;-0,0096;-0,4427;0,0042;-0,8966;;False
711,41;51.92;pa010​;20250411_094227;1;TUG2;0,1100;1,5090;0,0886;-0,0098;-0,4422;0,0041;-0,8969;;False
711,42;51.93;pa010​;20250411_094227;1;TUG2;0,1099;1,5089;0,0887;-0,0100;-0,4414;0,0041;-0,8973;;False
711,43;51.94;pa010​;20250411_094227;1;TUG2;0,1097;1,5088;0,0888;-0,0100;-0,4402;0,0044;-0,8978;;False
711,45;51.96;pa010​;20250411_094227;1;TUG2;0,1096;1,5088;0,0889;-0,0099;-0,4390;0,0046;-0,8984;;False
711,46;51.97;pa010​;20250411_094227;1;TUG2;0,1094;1,5088;0,0890;-0,0097;-0,4377;0,0050;-0,8990;;False
711,48;51.98;pa010​;20250411_094227;1;TUG2;0,1091;1,5087;0,0891;-0,0098;-0,4364;0,0052;-0,8997;;False
711,49;52.0;pa010​;20250411_094227;1;TUG2;0,1088;1,5087;0,0892;-0,0097;-0,4353;0,0050;-0,9002;;False
711,50;52.01;pa010​;20250411_094227;1;TUG2;0,1086;1,5087;0,0894;-0,0099;-0,4341;0,0048;-0,9008;;False
711,52;52.03;pa010​;20250411_094227;1;TUG2;0,1083;1,5088;0,0896;-0,0096;-0,4330;0,0043;-0,9013;;False
711,53;52.04;pa010​;20250411_094227;1;TUG2;0,1079;1,5089;0,0898;-0,0093;-0,4321;0,0046;-0,9018;;False
711,55;52.05;pa010​;20250411_094227;1;TUG2;0,1077;1,5089;0,0899;-0,0096;-0,4311;0,0048;-0,9022;;False
711,56;52.07;pa010​;20250411_094227;1;TUG2;0,1074;1,5088;0,0900;-0,0097;-0,4299;0,0048;-0,9028;;False
711,57;52.08;pa010​;20250411_094227;1;TUG2;0,1072;1,5088;0,0901;-0,0095;-0,4288;0,0048;-0,9033;;False
711,59;52.1;pa010​;20250411_094227;1;TUG2;0,1071;1,5089;0,0902;-0,0091;-0,4277;0,0046;-0,9039;;False
711,60;52.11;pa010​;20250411_094227;1;TUG2;0,1069;1,5090;0,0903;-0,0089;-0,4268;0,0049;-0,9043;;False
711,61;52.12;pa010​;20250411_094227;1;TUG2;0,1068;1,5090;0,0903;-0,0087;-0,4263;0,0048;-0,9045;;False
711,63;52.14;pa010​;20250411_094227;1;TUG2;0,1067;1,5089;0,0903;-0,0088;-0,4260;0,0048;-0,9047;;False
711,64;52.15;pa010​;20250411_094227;1;TUG2;0,1067;1,5089;0,0904;-0,0087;-0,4255;0,0045;-0,9049;;False
711,66;52.17;pa010​;20250411_094227;1;TUG2;0,1066;1,5089;0,0905;-0,0086;-0,4248;0,0044;-0,9052;;False
711,67;52.18;pa010​;20250411_094227;1;TUG2;0,1065;1,5089;0,0906;-0,0084;-0,4239;0,0044;-0,9056;;False
711,68;52.19;pa010​;20250411_094227;1;TUG2;0,1063;1,5091;0,0906;-0,0071;-0,4226;0,0043;-0,9063;;False
711,70;52.21;pa010​;20250411_094227;1;TUG2;0,1061;1,5093;0,0906;-0,0057;-0,4211;0,0043;-0,9070;;False
711,71;52.22;pa010​;20250411_094227;1;TUG2;0,1059;1,5097;0,0906;-0,0041;-0,4196;0,0039;-0,9077;;False
711,72;52.23;pa010​;20250411_094227;1;TUG2;0,1058;1,5102;0,0905;-0,0025;-0,4184;0,0040;-0,9082;;False
711,74;52.25;pa010​;20250411_094227;1;TUG2;0,1056;1,5106;0,0902;-0,0014;-0,4172;0,0041;-0,9088;;False
711,75;52.26;pa010​;20250411_094227;1;TUG2;0,1055;1,5107;0,0902;-0,0005;-0,4163;0,0040;-0,9092;;False
711,77;52.28;pa010​;20250411_094227;1;TUG2;0,1056;1,5108;0,0900;-0,0003;-0,4156;0,0046;-0,9095;;False
711,78;52.29;pa010​;20250411_094227;1;TUG2;0,1057;1,5108;0,0900;-0,0005;-0,4146;0,0053;-0,9100;;False
711,80;52.3;pa010​;20250411_094227;1;TUG2;0,1060;1,5106;0,0901;-0,0017;-0,4140;0,0062;-0,9102;;False
711,81;52.32;pa010​;20250411_094227;1;TUG2;0,1063;1,5101;0,0903;-0,0036;-0,4132;0,0074;-0,9106;;False
711,82;52.33;pa010​;20250411_094227;1;TUG2;0,1068;1,5088;0,0909;-0,0063;-0,4122;0,0086;-0,9110;;False
711,84;52.35;pa010​;20250411_094227;1;TUG2;0,1072;1,5079;0,0913;-0,0098;-0,4113;0,0098;-0,9114;;False
711,85;52.36;pa010​;20250411_094227;1;TUG2;0,1075;1,5071;0,0919;-0,0136;-0,4099;0,0111;-0,9119;;False
711,87;52.37;pa010​;20250411_094227;1;TUG2;0,1078;1,5063;0,0925;-0,0172;-0,4080;0,0120;-0,9128;;False
711,88;52.39;pa010​;20250411_094227;1;TUG2;0,1080;1,5055;0,0932;-0,0204;-0,4058;0,0129;-0,9137;;False
711,89;52.4;pa010​;20250411_094227;1;TUG2;0,1081;1,5046;0,0939;-0,0232;-0,4028;0,0142;-0,9149;;False
711,91;52.42;pa010​;20250411_094227;1;TUG2;0,1081;1,5039;0,0948;-0,0266;-0,3997;0,0154;-0,9161;;False
711,92;52.43;pa010​;20250411_094227;1;TUG2;0,1081;1,5032;0,0956;-0,0295;-0,3960;0,0168;-0,9176;;False
711,93;52.44;pa010​;20250411_094227;1;TUG2;0,1079;1,5023;0,0967;-0,0330;-0,3915;0,0179;-0,9194;;False
711,95;52.46;pa010​;20250411_094227;1;TUG2;0,1077;1,5011;0,0978;-0,0370;-0,3865;0,0199;-0,9213;;False
711,96;52.47;pa010​;20250411_094227;1;TUG2;0,1073;1,4997;0,0989;-0,0423;-0,3808;0,0222;-0,9234;;False
711,98;52.48;pa010​;20250411_094227;1;TUG2;0,1066;1,4982;0,1000;-0,0491;-0,3750;0,0244;-0,9254;;False
711,99;52.5;pa010​;20250411_094227;1;TUG2;0,1060;1,4967;0,1011;-0,0559;-0,3686;0,0262;-0,9275;;False
712,00;52.51;pa010​;20250411_094227;1;TUG2;0,1055;1,4954;0,1024;-0,0626;-0,3623;0,0270;-0,9296;;False
712,02;52.53;pa010​;20250411_094227;1;TUG2;0,1047;1,4942;0,1039;-0,0676;-0,3569;0,0273;-0,9313;;False
712,03;52.54;pa010​;20250411_094227;1;TUG2;0,1038;1,4930;0,1054;-0,0719;-0,3512;0,0273;-0,9331;;False
712,04;52.55;pa010​;20250411_094227;1;TUG2;0,1029;1,4916;0,1069;-0,0766;-0,3451;0,0277;-0,9350;;False
712,06;52.57;pa010​;20250411_094227;1;TUG2;0,1020;1,4905;0,1085;-0,0814;-0,3389;0,0284;-0,9369;;False
712,07;52.58;pa010​;20250411_094227;1;TUG2;0,1010;1,4892;0,1102;-0,0857;-0,3326;0,0297;-0,9387;;False
712,09;52.6;pa010​;20250411_094227;1;TUG2;0,1000;1,4879;0,1117;-0,0905;-0,3264;0,0320;-0,9404;;False
712,10;52.61;pa010​;20250411_094227;1;TUG2;0,0990;1,4866;0,1132;-0,0955;-0,3199;0,0342;-0,9420;;False
712,11;52.62;pa010​;20250411_094227;1;TUG2;0,0980;1,4853;0,1146;-0,1009;-0,3131;0,0366;-0,9436;;False
712,13;52.64;pa010​;20250411_094227;1;TUG2;0,0971;1,4845;0,1161;-0,1050;-0,3058;0,0384;-0,9455;;False
712,14;52.65;pa010​;20250411_094227;1;TUG2;0,0964;1,4839;0,1175;-0,1079;-0,2995;0,0397;-0,9471;;False
712,16;52.67;pa010​;20250411_094227;1;TUG2;0,0954;1,4834;0,1188;-0,1095;-0,2942;0,0400;-0,9486;;False
712,17;52.68;pa010​;20250411_094227;1;TUG2;0,0945;1,4828;0,1198;-0,1113;-0,2892;0,0410;-0,9499;;False
712,18;52.69;pa010​;20250411_094227;1;TUG2;0,0934;1,4824;0,1207;-0,1139;-0,2846;0,0414;-0,9510;;False
712,20;52.71;pa010​;20250411_094227;1;TUG2;0,0924;1,4824;0,1217;-0,1149;-0,2796;0,0414;-0,9523;;False
712,21;52.72;pa010​;20250411_094227;1;TUG2;0,0913;1,4826;0,1230;-0,1132;-0,2749;0,0407;-0,9539;;False
712,23;52.73;pa010​;20250411_094227;1;TUG2;0,0900;1,4828;0,1240;-0,1112;-0,2696;0,0397;-0,9557;;False
712,24;52.75;pa010​;20250411_094227;1;TUG2;0,0886;1,4833;0,1249;-0,1096;-0,2642;0,0394;-0,9574;;False
712,25;52.76;pa010​;20250411_094227;1;TUG2;0,0873;1,4838;0,1258;-0,1082;-0,2583;0,0387;-0,9592;;False
712,27;52.78;pa010​;20250411_094227;1;TUG2;0,0861;1,4844;0,1266;-0,1067;-0,2522;0,0383;-0,9610;;False
712,28;52.79;pa010​;20250411_094227;1;TUG2;0,0850;1,4852;0,1274;-0,1041;-0,2461;0,0378;-0,9629;;False
712,29;52.8;pa010​;20250411_094227;1;TUG2;0,0838;1,4860;0,1280;-0,1016;-0,2399;0,0384;-0,9647;;False
712,31;52.82;pa010​;20250411_094227;1;TUG2;0,0830;1,4869;0,1285;-0,1000;-0,2335;0,0399;-0,9664;;False
712,32;52.83;pa010​;20250411_094227;1;TUG2;0,0820;1,4878;0,1288;-0,0979;-0,2282;0,0418;-0,9678;;False
712,34;52.85;pa010​;20250411_094227;1;TUG2;0,0812;1,4886;0,1290;-0,0952;-0,2235;0,0432;-0,9691;;False
712,35;52.86;pa010​;20250411_094227;1;TUG2;0,0806;1,4895;0,1293;-0,0928;-0,2196;0,0436;-0,9702;;False
712,37;52.87;pa010​;20250411_094227;1;TUG2;0,0800;1,4903;0,1292;-0,0901;-0,2164;0,0434;-0,9712;;False
712,38;52.89;pa010​;20250411_094227;1;TUG2;0,0794;1,4910;0,1292;-0,0872;-0,2140;0,0424;-0,9720;;False
712,39;52.9;pa010​;20250411_094227;1;TUG2;0,0788;1,4917;0,1291;-0,0855;-0,2118;0,0423;-0,9727;;False
712,41;52.92;pa010​;20250411_094227;1;TUG2;0,0781;1,4922;0,1291;-0,0839;-0,2095;0,0419;-0,9733;;False
712,42;52.93;pa010​;20250411_094227;1;TUG2;0,0774;1,4927;0,1290;-0,0822;-0,2068;0,0413;-0,9740;;False
712,43;52.94;pa010​;20250411_094227;1;TUG2;0,0765;1,4932;0,1291;-0,0804;-0,2038;0,0408;-0,9749;;False
712,45;52.96;pa010​;20250411_094227;1;TUG2;0,0755;1,4938;0,1293;-0,0792;-0,2003;0,0403;-0,9757;;False
712,46;52.97;pa010​;20250411_094227;1;TUG2;0,0747;1,4942;0,1294;-0,0777;-0,1962;0,0405;-0,9766;;False
712,48;52.98;pa010​;20250411_094227;1;TUG2;0,0737;1,4946;0,1295;-0,0767;-0,1924;0,0402;-0,9775;;False
712,49;53.0;pa010​;20250411_094227;1;TUG2;0,0730;1,4948;0,1296;-0,0756;-0,1880;0,0401;-0,9784;;False
712,50;53.01;pa010​;20250411_094227;1;TUG2;0,0725;1,4950;0,1298;-0,0748;-0,1844;0,0400;-0,9792;;False
712,52;53.03;pa010​;20250411_094227;1;TUG2;0,0721;1,4951;0,1300;-0,0742;-0,1810;0,0403;-0,9799;;False
712,53;53.04;pa010​;20250411_094227;1;TUG2;0,0718;1,4950;0,1301;-0,0743;-0,1789;0,0404;-0,9802;;False
712,54;53.05;pa010​;20250411_094227;1;TUG2;0,0715;1,4949;0,1301;-0,0758;-0,1769;0,0403;-0,9805;;False
712,56;53.07;pa010​;20250411_094227;1;TUG2;0,0713;1,4948;0,1301;-0,0772;-0,1753;0,0403;-0,9806;;False
712,57;53.08;pa010​;20250411_094227;1;TUG2;0,0712;1,4946;0,1302;-0,0789;-0,1741;0,0406;-0,9807;;False
712,59;53.1;pa010​;20250411_094227;1;TUG2;0,0711;1,4943;0,1303;-0,0800;-0,1731;0,0407;-0,9808;;False
712,60;53.11;pa010​;20250411_094227;1;TUG2;0,0710;1,4941;0,1304;-0,0809;-0,1720;0,0404;-0,9809;;False
712,61;53.12;pa010​;20250411_094227;1;TUG2;0,0710;1,4938;0,1306;-0,0820;-0,1714;0,0402;-0,9810;;False
712,63;53.14;pa010​;20250411_094227;1;TUG2;0,0713;1,4932;0,1308;-0,0834;-0,1712;0,0405;-0,9809;;False
712,64;53.15;pa010​;20250411_094227;1;TUG2;0,0715;1,4928;0,1308;-0,0853;-0,1714;0,0410;-0,9806;;False
712,66;53.17;pa010​;20250411_094227;1;TUG2;0,0718;1,4924;0,1308;-0,0872;-0,1716;0,0409;-0,9804;;False
712,67;53.18;pa010​;20250411_094227;1;TUG2;0,0721;1,4921;0,1309;-0,0885;-0,1716;0,0407;-0,9803;;False
712,68;53.19;pa010​;20250411_094227;1;TUG2;0,0722;1,4921;0,1310;-0,0889;-0,1711;0,0407;-0,9804;;False
712,70;53.21;pa010​;20250411_094227;1;TUG2;0,0724;1,4921;0,1311;-0,0884;-0,1704;0,0410;-0,9805;;False
712,71;53.22;pa010​;20250411_094227;1;TUG2;0,0726;1,4918;0,1311;-0,0878;-0,1697;0,0416;-0,9807;;False
712,72;53.23;pa010​;20250411_094227;1;TUG2;0,0727;1,4919;0,1311;-0,0875;-0,1690;0,0419;-0,9808;;False
712,74;53.25;pa010​;20250411_094227;1;TUG2;0,0728;1,4921;0,1311;-0,0869;-0,1683;0,0418;-0,9810;;False
712,75;53.26;pa010​;20250411_094227;1;TUG2;0,0729;1,4924;0,1310;-0,0862;-0,1681;0,0416;-0,9811;;False
712,77;53.28;pa010​;20250411_094227;1;TUG2;0,0731;1,4927;0,1309;-0,0852;-0,1678;0,0410;-0,9813;;False
712,78;53.29;pa010​;20250411_094227;1;TUG2;0,0733;1,4932;0,1307;-0,0839;-0,1675;0,0407;-0,9814;;False
712,80;53.3;pa010​;20250411_094227;1;TUG2;0,0734;1,4935;0,1306;-0,0826;-0,1670;0,0407;-0,9816;;False
712,81;53.32;pa010​;20250411_094227;1;TUG2;0,0736;1,4937;0,1305;-0,0816;-0,1663;0,0409;-0,9819;;False
712,82;53.33;pa010​;20250411_094227;1;TUG2;0,0738;1,4939;0,1304;-0,0809;-0,1655;0,0415;-0,9820;;False
712,84;53.35;pa010​;20250411_094227;1;TUG2;0,0740;1,4940;0,1303;-0,0806;-0,1647;0,0418;-0,9822;;False
712,85;53.36;pa010​;20250411_094227;1;TUG2;0,0743;1,4940;0,1302;-0,0807;-0,1640;0,0422;-0,9823;;False
712,86;53.37;pa010​;20250411_094227;1;TUG2;0,0746;1,4942;0,1301;-0,0810;-0,1639;0,0427;-0,9822;;False
712,88;53.39;pa010​;20250411_094227;1;TUG2;0,0750;1,4940;0,1300;-0,0816;-0,1641;0,0427;-0,9821;;False
712,89;53.4;pa010​;20250411_094227;1;TUG2;0,0756;1,4935;0,1300;-0,0824;-0,1650;0,0426;-0,9819;;False
712,91;53.42;pa010​;20250411_094227;1;TUG2;0,0761;1,4932;0,1300;-0,0832;-0,1662;0,0424;-0,9817;;False
712,92;53.43;pa010​;20250411_094227;1;TUG2;0,0765;1,4929;0,1301;-0,0845;-0,1674;0,0420;-0,9814;;False
712,93;53.44;pa010​;20250411_094227;1;TUG2;0,0769;1,4926;0,1302;-0,0857;-0,1682;0,0419;-0,9811;;False
712,95;53.46;pa010​;20250411_094227;1;TUG2;0,0773;1,4923;0,1303;-0,0868;-0,1689;0,0422;-0,9809;;False
712,96;53.47;pa010​;20250411_094227;1;TUG2;0,0777;1,4920;0,1304;-0,0875;-0,1694;0,0426;-0,9807;;False
712,98;53.48;pa010​;20250411_094227;1;TUG2;0,0781;1,4917;0,1306;-0,0881;-0,1699;0,0431;-0,9806;;False
712,99;53.5;pa010​;20250411_094227;1;TUG2;0,0784;1,4916;0,1307;-0,0889;-0,1703;0,0435;-0,9804;;False
713,00;53.51;pa010​;20250411_094227;1;TUG2;0,0788;1,4915;0,1309;-0,0893;-0,1707;0,0435;-0,9803;;False
713,02;53.53;pa010​;20250411_094227;1;TUG2;0,0791;1,4915;0,1310;-0,0894;-0,1713;0,0433;-0,9802;;False
713,03;53.54;pa010​;20250411_094227;1;TUG2;0,0793;1,4914;0,1311;-0,0894;-0,1716;0,0429;-0,9802;;False
713,04;53.55;pa010​;20250411_094227;1;TUG2;0,0796;1,4914;0,1311;-0,0896;-0,1717;0,0427;-0,9801;;False
713,06;53.57;pa010​;20250411_094227;1;TUG2;0,0798;1,4914;0,1311;-0,0894;-0,1715;0,0429;-0,9802;;False
713,07;53.58;pa010​;20250411_094227;1;TUG2;0,0801;1,4912;0,1311;-0,0892;-0,1715;0,0430;-0,9802;;False
713,09;53.6;pa010​;20250411_094227;1;TUG2;0,0802;1,4914;0,1313;-0,0882;-0,1708;0,0432;-0,9804;;False
713,10;53.61;pa010​;20250411_094227;1;TUG2;0,0803;1,4915;0,1314;-0,0871;-0,1702;0,0433;-0,9806;;False
713,11;53.62;pa010​;20250411_094227;1;TUG2;0,0803;1,4915;0,1316;-0,0867;-0,1698;0,0437;-0,9807;;False
713,13;53.64;pa010​;20250411_094227;1;TUG2;0,0802;1,4914;0,1318;-0,0870;-0,1691;0,0438;-0,9808;;False
713,14;53.65;pa010​;20250411_094227;1;TUG2;0,0802;1,4913;0,1319;-0,0873;-0,1685;0,0441;-0,9808;;False
713,16;53.67;pa010​;20250411_094227;1;TUG2;0,0802;1,4911;0,1321;-0,0882;-0,1674;0,0439;-0,9810;;False
713,17;53.68;pa010​;20250411_094227;1;TUG2;0,0801;1,4908;0,1323;-0,0894;-0,1662;0,0442;-0,9810;;False
713,18;53.69;pa010​;20250411_094227;1;TUG2;0,0800;1,4904;0,1325;-0,0913;-0,1650;0,0448;-0,9810;;False
713,20;53.71;pa010​;20250411_094227;1;TUG2;0,0797;1,4897;0,1328;-0,0935;-0,1635;0,0455;-0,9810;;False
713,21;53.72;pa010​;20250411_094227;1;TUG2;0,0795;1,4892;0,1333;-0,0955;-0,1615;0,0458;-0,9812;;False
713,23;53.73;pa010​;20250411_094227;1;TUG2;0,0792;1,4886;0,1339;-0,0973;-0,1591;0,0460;-0,9814;;False
713,24;53.75;pa010​;20250411_094227;1;TUG2;0,0788;1,4876;0,1346;-0,0998;-0,1560;0,0470;-0,9816;;False
713,25;53.76;pa010​;20250411_094227;1;TUG2;0,0783;1,4864;0,1354;-0,1035;-0,1522;0,0478;-0,9818;;False
713,27;53.78;pa010​;20250411_094227;1;TUG2;0,0777;1,4851;0,1362;-0,1083;-0,1478;0,0487;-0,9819;;False
713,28;53.79;pa010​;20250411_094227;1;TUG2;0,0771;1,4838;0,1368;-0,1149;-0,1433;0,0505;-0,9817;;False
713,30;53.8;pa010​;20250411_094227;1;TUG2;0,0766;1,4829;0,1375;-0,1205;-0,1397;0,0520;-0,9815;;False
713,31;53.82;pa010​;20250411_094227;1;TUG2;0,0763;1,4822;0,1384;-0,1228;-0,1366;0,0522;-0,9816;;False
713,32;53.83;pa010​;20250411_094227;1;TUG2;0,0760;1,4817;0,1391;-0,1237;-0,1343;0,0524;-0,9818;;False
713,34;53.85;pa010​;20250411_094227;1;TUG2;0,0755;1,4812;0,1397;-0,1247;-0,1325;0,0522;-0,9819;;False
713,35;53.86;pa010​;20250411_094227;1;TUG2;0,0753;1,4808;0,1401;-0,1265;-0,1300;0,0519;-0,9820;;False
713,37;53.87;pa010​;20250411_094227;1;TUG2;0,0749;1,4804;0,1406;-0,1281;-0,1283;0,0516;-0,9821;;False
713,38;53.89;pa010​;20250411_094227;1;TUG2;0,0745;1,4801;0,1411;-0,1295;-0,1262;0,0517;-0,9822;;False
713,39;53.9;pa010​;20250411_094227;1;TUG2;0,0741;1,4797;0,1417;-0,1310;-0,1241;0,0516;-0,9822;;False
713,41;53.91;pa010​;20250411_094227;1;TUG2;0,0736;1,4795;0,1423;-0,1326;-0,1217;0,0513;-0,9823;;False
713,42;53.93;pa010​;20250411_094227;1;TUG2;0,0732;1,4792;0,1428;-0,1334;-0,1193;0,0509;-0,9825;;False
713,43;53.94;pa010​;20250411_094227;1;TUG2;0,0727;1,4790;0,1434;-0,1344;-0,1173;0,0504;-0,9827;;False
713,45;53.96;pa010​;20250411_094227;1;TUG2;0,0721;1,4787;0,1439;-0,1355;-0,1150;0,0499;-0,9828;;False
713,46;53.97;pa010​;20250411_094227;1;TUG2;0,0715;1,4784;0,1445;-0,1368;-0,1128;0,0491;-0,9829;;False
713,48;53.99;pa010​;20250411_094227;1;TUG2;0,0710;1,4779;0,1451;-0,1385;-0,1104;0,0487;-0,9830;;False
713,49;54.0;pa010​;20250411_094227;1;TUG2;0,0705;1,4773;0,1457;-0,1407;-0,1083;0,0483;-0,9829;;False
713,50;54.01;pa010​;20250411_094227;1;TUG2;0,0699;1,4766;0,1464;-0,1436;-0,1064;0,0479;-0,9827;;False
713,52;54.03;pa010​;20250411_094227;1;TUG2;0,0692;1,4758;0,1469;-0,1470;-0,1045;0,0476;-0,9824;;False
713,53;54.04;pa010​;20250411_094227;1;TUG2;0,0686;1,4750;0,1474;-0,1510;-0,1032;0,0479;-0,9820;;False
713,54;54.05;pa010​;20250411_094227;1;TUG2;0,0680;1,4742;0,1480;-0,1546;-0,1021;0,0476;-0,9815;;False
713,56;54.07;pa010​;20250411_094227;1;TUG2;0,0676;1,4736;0,1487;-0,1575;-0,1010;0,0477;-0,9812;;False
713,57;54.08;pa010​;20250411_094227;1;TUG2;0,0672;1,4730;0,1493;-0,1601;-0,1002;0,0476;-0,9808;;False
713,59;54.1;pa010​;20250411_094227;1;TUG2;0,0668;1,4724;0,1500;-0,1623;-0,0991;0,0472;-0,9806;;False
713,60;54.11;pa010​;20250411_094227;1;TUG2;0,0664;1,4722;0,1506;-0,1636;-0,0986;0,0462;-0,9805;;False
713,61;54.12;pa010​;20250411_094227;1;TUG2;0,0660;1,4724;0,1512;-0,1638;-0,0981;0,0455;-0,9805;;False
713,63;54.14;pa010​;20250411_094227;1;TUG2;0,0657;1,4728;0,1518;-0,1627;-0,0977;0,0448;-0,9808;;False
713,64;54.15;pa010​;20250411_094227;1;TUG2;0,0653;1,4735;0,1523;-0,1602;-0,0973;0,0440;-0,9813;;False
713,66;54.17;pa010​;20250411_094227;1;TUG2;0,0649;1,4744;0,1528;-0,1571;-0,0968;0,0433;-0,9819;;False
713,67;54.18;pa010​;20250411_094227;1;TUG2;0,0645;1,4753;0,1532;-0,1531;-0,0963;0,0427;-0,9826;;False
713,68;54.19;pa010​;20250411_094227;1;TUG2;0,0640;1,4761;0,1535;-0,1492;-0,0958;0,0423;-0,9833;;False
713,70;54.21;pa010​;20250411_094227;1;TUG2;0,0636;1,4770;0,1539;-0,1460;-0,0950;0,0413;-0,9838;;False
713,71;54.22;pa010​;20250411_094227;1;TUG2;0,0632;1,4778;0,1541;-0,1434;-0,0940;0,0406;-0,9844;;False
713,73;54.23;pa010​;20250411_094227;1;TUG2;0,0627;1,4785;0,1545;-0,1406;-0,0933;0,0401;-0,9849;;False
713,74;54.25;pa010​;20250411_094227;1;TUG2;0,0623;1,4793;0,1548;-0,1376;-0,0924;0,0398;-0,9854;;False
713,75;54.26;pa010​;20250411_094227;1;TUG2;0,0619;1,4799;0,1551;-0,1346;-0,0915;0,0391;-0,9859;;False
713,77;54.28;pa010​;20250411_094227;1;TUG2;0,0615;1,4805;0,1552;-0,1326;-0,0904;0,0385;-0,9863;;False
713,78;54.29;pa010​;20250411_094227;1;TUG2;0,0609;1,4809;0,1555;-0,1302;-0,0897;0,0376;-0,9867;;False
713,79;54.3;pa010​;20250411_094227;1;TUG2;0,0606;1,4815;0,1557;-0,1279;-0,0885;0,0369;-0,9871;;False
713,81;54.32;pa010​;20250411_094227;1;TUG2;0,0603;1,4818;0,1559;-0,1258;-0,0875;0,0366;-0,9875;;False
713,82;54.33;pa010​;20250411_094227;1;TUG2;0,0599;1,4822;0,1560;-0,1243;-0,0875;0,0358;-0,9877;;False
713,84;54.35;pa010​;20250411_094227;1;TUG2;0,0597;1,4825;0,1559;-0,1229;-0,0870;0,0353;-0,9880;;False
713,85;54.36;pa010​;20250411_094227;1;TUG2;0,0596;1,4829;0,1559;-0,1218;-0,0870;0,0347;-0,9881;;False
713,86;54.37;pa010​;20250411_094227;1;TUG2;0,0596;1,4834;0,1558;-0,1203;-0,0871;0,0343;-0,9883;;False
713,88;54.39;pa010​;20250411_094227;1;TUG2;0,0596;1,4841;0,1557;-0,1182;-0,0874;0,0340;-0,9886;;False
713,89;54.4;pa010​;20250411_094227;1;TUG2;0,0598;1,4848;0,1556;-0,1149;-0,0878;0,0337;-0,9889;;False
713,91;54.42;pa010​;20250411_094227;1;TUG2;0,0599;1,4856;0,1554;-0,1115;-0,0880;0,0334;-0,9893;;False
713,92;54.43;pa010​;20250411_094227;1;TUG2;0,0601;1,4865;0,1552;-0,1083;-0,0882;0,0337;-0,9896;;False
713,93;54.44;pa010​;20250411_094227;1;TUG2;0,0603;1,4874;0,1549;-0,1050;-0,0892;0,0339;-0,9899;;False
713,95;54.46;pa010​;20250411_094227;1;TUG2;0,0608;1,4884;0,1546;-0,1013;-0,0903;0,0344;-0,9902;;False
713,96;54.47;pa010​;20250411_094227;1;TUG2;0,0613;1,4893;0,1542;-0,0974;-0,0922;0,0341;-0,9904;;False
713,98;54.48;pa010​;20250411_094227;1;TUG2;0,0620;1,4904;0,1538;-0,0934;-0,0945;0,0339;-0,9906;;False
713,99;54.5;pa010​;20250411_094227;1;TUG2;0,0629;1,4916;0,1535;-0,0889;-0,0978;0,0334;-0,9907;;False
714,00;54.51;pa010​;20250411_094227;1;TUG2;0,0640;1,4930;0,1530;-0,0836;-0,1029;0,0319;-0,9907;;False
714,02;54.53;pa010​;20250411_094227;1;TUG2;0,0652;1,4942;0,1524;-0,0781;-0,1086;0,0304;-0,9905;;False
714,03;54.54;pa010​;20250411_094227;1;TUG2;0,0665;1,4953;0,1517;-0,0731;-0,1153;0,0282;-0,9902;;False
714,04;54.55;pa010​;20250411_094227;1;TUG2;0,0679;1,4964;0,1509;-0,0689;-0,1223;0,0259;-0,9898;;False
714,06;54.57;pa010​;20250411_094227;1;TUG2;0,0696;1,4973;0,1500;-0,0650;-0,1308;0,0242;-0,9890;;False
714,07;54.58;pa010​;20250411_094227;1;TUG2;0,0715;1,4982;0,1492;-0,0608;-0,1400;0,0220;-0,9880;;False
714,09;54.6;pa010​;20250411_094227;1;TUG2;0,0735;1,4990;0,1482;-0,0571;-0,1506;0,0194;-0,9867;;False
714,10;54.61;pa010​;20250411_094227;1;TUG2;0,0755;1,4998;0,1471;-0,0545;-0,1614;0,0171;-0,9852;;False
714,11;54.62;pa010​;20250411_094227;1;TUG2;0,0776;1,5003;0,1461;-0,0523;-0,1712;0,0155;-0,9837;;False
714,13;54.64;pa010​;20250411_094227;1;TUG2;0,0794;1,5006;0,1450;-0,0511;-0,1801;0,0144;-0,9822;;False
714,14;54.65;pa010​;20250411_094227;1;TUG2;0,0809;1,5008;0,1440;-0,0501;-0,1876;0,0149;-0,9809;;False
714,16;54.67;pa010​;20250411_094227;1;TUG2;0,0822;1,5010;0,1432;-0,0497;-0,1940;0,0159;-0,9796;;False
714,17;54.68;pa010​;20250411_094227;1;TUG2;0,0834;1,5011;0,1424;-0,0491;-0,1994;0,0170;-0,9785;;False
714,18;54.69;pa010​;20250411_094227;1;TUG2;0,0845;1,5012;0,1416;-0,0486;-0,2042;0,0174;-0,9776;;False
714,20;54.71;pa010​;20250411_094227;1;TUG2;0,0855;1,5012;0,1409;-0,0482;-0,2081;0,0179;-0,9768;;False
714,21;54.72;pa010​;20250411_094227;1;TUG2;0,0863;1,5012;0,1403;-0,0479;-0,2112;0,0177;-0,9761;;False
714,23;54.73;pa010​;20250411_094227;1;TUG2;0,0868;1,5013;0,1397;-0,0479;-0,2140;0,0176;-0,9755;;False
714,24;54.75;pa010​;20250411_094227;1;TUG2;0,0874;1,5012;0,1392;-0,0475;-0,2162;0,0175;-0,9750;;False
714,25;54.76;pa010​;20250411_094227;1;TUG2;0,0880;1,5013;0,1387;-0,0472;-0,2185;0,0173;-0,9745;;False
714,27;54.78;pa010​;20250411_094227;1;TUG2;0,0887;1,5012;0,1381;-0,0472;-0,2206;0,0175;-0,9741;;False
714,28;54.79;pa010​;20250411_094227;1;TUG2;0,0891;1,5011;0,1376;-0,0476;-0,2225;0,0181;-0,9736;;False
714,29;54.8;pa010​;20250411_094227;1;TUG2;0,0894;1,5010;0,1370;-0,0480;-0,2242;0,0189;-0,9732;;False
714,31;54.82;pa010​;20250411_094227;1;TUG2;0,0897;1,5009;0,1365;-0,0483;-0,2250;0,0200;-0,9730;;False
714,32;54.83;pa010​;20250411_094227;1;TUG2;0,0900;1,5008;0,1359;-0,0482;-0,2260;0,0209;-0,9727;;False
714,34;54.85;pa010​;20250411_094227;1;TUG2;0,0904;1,5008;0,1353;-0,0478;-0,2273;0,0217;-0,9724;;False
714,35;54.86;pa010​;20250411_094227;1;TUG2;0,0906;1,5008;0,1347;-0,0478;-0,2289;0,0219;-0,9720;;False
714,36;54.87;pa010​;20250411_094227;1;TUG2;0,0906;1,5007;0,1340;-0,0478;-0,2303;0,0219;-0,9717;;False
714,38;54.89;pa010​;20250411_094227;1;TUG2;0,0907;1,5007;0,1334;-0,0479;-0,2311;0,0220;-0,9715;;False
714,39;54.9;pa010​;20250411_094227;1;TUG2;0,0906;1,5008;0,1328;-0,0479;-0,2320;0,0223;-0,9713;;False
714,41;54.91;pa010​;20250411_094227;1;TUG2;0,0905;1,5008;0,1322;-0,0482;-0,2322;0,0226;-0,9712;;False
714,42;54.93;pa010​;20250411_094227;1;TUG2;0,0904;1,5010;0,1316;-0,0482;-0,2319;0,0230;-0,9713;;False
714,43;54.94;pa010​;20250411_094227;1;TUG2;0,0901;1,5012;0,1311;-0,0474;-0,2315;0,0234;-0,9714;;False
714,45;54.96;pa010​;20250411_094227;1;TUG2;0,0897;1,5015;0,1306;-0,0459;-0,2310;0,0237;-0,9716;;False
714,46;54.97;pa010​;20250411_094227;1;TUG2;0,0893;1,5017;0,1300;-0,0439;-0,2303;0,0241;-0,9718;;False
714,48;54.98;pa010​;20250411_094227;1;TUG2;0,0889;1,5019;0,1294;-0,0426;-0,2294;0,0246;-0,9721;;False
714,49;55.0;pa010​;20250411_094227;1;TUG2;0,0884;1,5023;0,1289;-0,0417;-0,2285;0,0252;-0,9723;;False
714,50;55.01;pa010​;20250411_094227;1;TUG2;0,0880;1,5027;0,1284;-0,0401;-0,2275;0,0260;-0,9726;;False
714,52;55.03;pa010​;20250411_094227;1;TUG2;0,0875;1,5032;0,1278;-0,0378;-0,2266;0,0264;-0,9729;;False
714,53;55.04;pa010​;20250411_094227;1;TUG2;0,0869;1,5038;0,1273;-0,0354;-0,2260;0,0264;-0,9731;;False
714,54;55.05;pa010​;20250411_094227;1;TUG2;0,0864;1,5042;0,1267;-0,0335;-0,2252;0,0266;-0,9734;;False
714,56;55.07;pa010​;20250411_094227;1;TUG2;0,0859;1,5045;0,1261;-0,0321;-0,2247;0,0266;-0,9735;;False
714,57;55.08;pa010​;20250411_094227;1;TUG2;0,0853;1,5048;0,1255;-0,0310;-0,2242;0,0267;-0,9737;;False
714,59;55.1;pa010​;20250411_094227;1;TUG2;0,0847;1,5050;0,1251;-0,0303;-0,2237;0,0268;-0,9738;;False
714,60;55.11;pa010​;20250411_094227;1;TUG2;0,0841;1,5051;0,1247;-0,0301;-0,2230;0,0269;-0,9740;;False
714,61;55.12;pa010​;20250411_094227;1;TUG2;0,0835;1,5051;0,1243;-0,0303;-0,2224;0,0270;-0,9741;;False
714,63;55.14;pa010​;20250411_094227;1;TUG2;0,0829;1,5049;0,1241;-0,0313;-0,2217;0,0273;-0,9742;;False
714,64;55.15;pa010​;20250411_094227;1;TUG2;0,0822;1,5046;0,1240;-0,0326;-0,2209;0,0274;-0,9744;;False
714,66;55.17;pa010​;20250411_094227;1;TUG2;0,0816;1,5041;0,1239;-0,0347;-0,2201;0,0277;-0,9745;;False
714,67;55.18;pa010​;20250411_094227;1;TUG2;0,0810;1,5036;0,1240;-0,0373;-0,2192;0,0279;-0,9746;;False
714,68;55.19;pa010​;20250411_094227;1;TUG2;0,0804;1,5031;0,1241;-0,0398;-0,2187;0,0276;-0,9746;;False
714,70;55.21;pa010​;20250411_094227;1;TUG2;0,0798;1,5028;0,1241;-0,0416;-0,2180;0,0274;-0,9747;;False
714,71;55.22;pa010​;20250411_094227;1;TUG2;0,0792;1,5024;0,1242;-0,0428;-0,2175;0,0269;-0,9747;;False
714,73;55.23;pa010​;20250411_094227;1;TUG2;0,0785;1,5020;0,1242;-0,0442;-0,2169;0,0269;-0,9748;;False
714,74;55.25;pa010​;20250411_094227;1;TUG2;0,0777;1,5016;0,1242;-0,0456;-0,2162;0,0267;-0,9749;;False
714,75;55.26;pa010​;20250411_094227;1;TUG2;0,0771;1,5013;0,1242;-0,0467;-0,2154;0,0268;-0,9750;;False
714,77;55.28;pa010​;20250411_094227;1;TUG2;0,0763;1,5011;0,1241;-0,0477;-0,2145;0,0269;-0,9752;;False
714,78;55.29;pa010​;20250411_094227;1;TUG2;0,0758;1,5009;0,1240;-0,0483;-0,2133;0,0269;-0,9754;;False
714,80;55.3;pa010​;20250411_094227;1;TUG2;0,0752;1,5010;0,1239;-0,0487;-0,2121;0,0268;-0,9757;;False
714,81;55.32;pa010​;20250411_094227;1;TUG2;0,0745;1,5010;0,1237;-0,0486;-0,2110;0,0271;-0,9759;;False
714,82;55.33;pa010​;20250411_094227;1;TUG2;0,0737;1,5011;0,1236;-0,0484;-0,2098;0,0274;-0,9762;;False
714,84;55.35;pa010​;20250411_094227;1;TUG2;0,0730;1,5011;0,1234;-0,0480;-0,2083;0,0275;-0,9765;;False
714,85;55.36;pa010​;20250411_094227;1;TUG2;0,0722;1,5011;0,1233;-0,0480;-0,2065;0,0272;-0,9769;;False
714,87;55.38;pa010​;20250411_094227;1;TUG2;0,0714;1,5010;0,1232;-0,0481;-0,2044;0,0269;-0,9773;;False
714,89;55.4;pa010​;20250411_094227;1;TUG2;0,0698;1,5006;0,1230;-0,0493;-0,2003;0,0267;-0,9781;;False
714,91;55.42;pa010​;20250411_094227;1;TUG2;0,0691;1,5003;0,1230;-0,0505;-0,1982;0,0268;-0,9785;;False
714,92;55.43;pa010​;20250411_094227;1;TUG2;0,0684;1,4998;0,1231;-0,0525;-0,1961;0,0265;-0,9788;;False
714,93;55.44;pa010​;20250411_094227;1;TUG2;0,0677;1,4991;0,1232;-0,0551;-0,1940;0,0264;-0,9791;;False
714,95;55.46;pa010​;20250411_094227;1;TUG2;0,0670;1,4983;0,1234;-0,0580;-0,1921;0,0263;-0,9793;;False
714,96;55.47;pa010​;20250411_094227;1;TUG2;0,0664;1,4978;0,1235;-0,0618;-0,1899;0,0263;-0,9795;;False
714,98;55.48;pa010​;20250411_094227;1;TUG2;0,0658;1,4973;0,1236;-0,0640;-0,1882;0,0263;-0,9797;;False
714,99;55.5;pa010​;20250411_094227;1;TUG2;0,0652;1,4971;0,1238;-0,0655;-0,1868;0,0264;-0,9799;;False
715,00;55.51;pa010​;20250411_094227;1;TUG2;0,0647;1,4968;0,1239;-0,0662;-0,1853;0,0265;-0,9801;;False
715,02;55.53;pa010​;20250411_094227;1;TUG2;0,0642;1,4965;0,1240;-0,0675;-0,1835;0,0269;-0,9803;;False
715,03;55.54;pa010​;20250411_094227;1;TUG2;0,0637;1,4961;0,1240;-0,0689;-0,1817;0,0274;-0,9806;;False
715,04;55.55;pa010​;20250411_094227;1;TUG2;0,0633;1,4958;0,1240;-0,0704;-0,1800;0,0279;-0,9807;;False
715,06;55.57;pa010​;20250411_094227;1;TUG2;0,0629;1,4954;0,1239;-0,0721;-0,1789;0,0283;-0,9808;;False
715,07;55.58;pa010​;20250411_094227;1;TUG2;0,0628;1,4950;0,1238;-0,0740;-0,1780;0,0286;-0,9808;;False
715,09;55.6;pa010​;20250411_094227;1;TUG2;0,0626;1,4947;0,1237;-0,0755;-0,1777;0,0286;-0,9808;;False
715,10;55.61;pa010​;20250411_094227;1;TUG2;0,0625;1,4946;0,1237;-0,0760;-0,1776;0,0284;-0,9807;;False
715,11;55.62;pa010​;20250411_094227;1;TUG2;0,0624;1,4945;0,1237;-0,0761;-0,1776;0,0283;-0,9808;;False
715,13;55.64;pa010​;20250411_094227;1;TUG2;0,0622;1,4943;0,1238;-0,0760;-0,1774;0,0285;-0,9808;;False
715,14;55.65;pa010​;20250411_094227;1;TUG2;0,0621;1,4943;0,1237;-0,0761;-0,1773;0,0287;-0,9808;;False
715,16;55.67;pa010​;20250411_094227;1;TUG2;0,0621;1,4944;0,1236;-0,0756;-0,1776;0,0287;-0,9808;;False
715,17;55.68;pa010​;20250411_094227;1;TUG2;0,0622;1,4945;0,1234;-0,0749;-0,1782;0,0287;-0,9807;;False
715,18;55.69;pa010​;20250411_094227;1;TUG2;0,0624;1,4947;0,1233;-0,0742;-0,1792;0,0283;-0,9806;;False
715,20;55.71;pa010​;20250411_094227;1;TUG2;0,0628;1,4949;0,1231;-0,0739;-0,1807;0,0280;-0,9804;;False
715,21;55.72;pa010​;20250411_094227;1;TUG2;0,0636;1,4952;0,1227;-0,0732;-0,1827;0,0276;-0,9800;;False
715,23;55.73;pa010​;20250411_094227;1;TUG2;0,0641;1,4954;0,1223;-0,0725;-0,1857;0,0271;-0,9795;;False
715,24;55.75;pa010​;20250411_094227;1;TUG2;0,0648;1,4956;0,1219;-0,0719;-0,1889;0,0265;-0,9790;;False
715,25;55.76;pa010​;20250411_094227;1;TUG2;0,0658;1,4958;0,1214;-0,0710;-0,1932;0,0258;-0,9782;;False
715,27;55.78;pa010​;20250411_094227;1;TUG2;0,0668;1,4961;0,1209;-0,0699;-0,1987;0,0245;-0,9773;;False
715,28;55.79;pa010​;20250411_094227;1;TUG2;0,0681;1,4963;0,1204;-0,0687;-0,2049;0,0233;-0,9761;;False
715,30;55.81;pa010​;20250411_094227;1;TUG2;0,0695;1,4967;0,1197;-0,0668;-0,2130;0,0216;-0,9745;;False
715,31;55.82;pa010​;20250411_094227;1;TUG2;0,0712;1,4971;0,1189;-0,0653;-0,2215;0,0199;-0,9728;;False
715,32;55.83;pa010​;20250411_094227;1;TUG2;0,0727;1,4973;0,1181;-0,0640;-0,2306;0,0177;-0,9708;;False
715,34;55.85;pa010​;20250411_094227;1;TUG2;0,0744;1,4978;0,1172;-0,0629;-0,2389;0,0155;-0,9689;;False
715,35;55.86;pa010​;20250411_094227;1;TUG2;0,0760;1,4983;0,1164;-0,0605;-0,2474;0,0142;-0,9669;;False
715,36;55.87;pa010​;20250411_094227;1;TUG2;0,0777;1,4989;0,1155;-0,0577;-0,2559;0,0137;-0,9649;;False
715,38;55.89;pa010​;20250411_094227;1;TUG2;0,0793;1,4994;0,1146;-0,0547;-0,2646;0,0125;-0,9627;;False
715,39;55.9;pa010​;20250411_094227;1;TUG2;0,0810;1,5000;0,1137;-0,0516;-0,2731;0,0109;-0,9605;;False
715,41;55.91;pa010​;20250411_094227;1;TUG2;0,0825;1,5003;0,1126;-0,0493;-0,2814;0,0094;-0,9583;;False
715,42;55.93;pa010​;20250411_094227;1;TUG2;0,0839;1,5005;0,1115;-0,0491;-0,2888;0,0085;-0,9561;;False
715,43;55.94;pa010​;20250411_094227;1;TUG2;0,0849;1,5009;0,1105;-0,0495;-0,2956;0,0076;-0,9540;;False
715,45;55.96;pa010​;20250411_094227;1;TUG2;0,0862;1,5010;0,1098;-0,0485;-0,3008;0,0070;-0,9524;;False
715,46;55.97;pa010​;20250411_094227;1;TUG2;0,0871;1,5014;0,1092;-0,0473;-0,3048;0,0059;-0,9512;;False
715,48;55.98;pa010​;20250411_094227;1;TUG2;0,0879;1,5015;0,1087;-0,0465;-0,3079;0,0055;-0,9503;;False
715,49;56.0;pa010​;20250411_094227;1;TUG2;0,0885;1,5016;0,1083;-0,0457;-0,3103;0,0058;-0,9495;;False
715,50;56.01;pa010​;20250411_094227;1;TUG2;0,0890;1,5017;0,1080;-0,0457;-0,3122;0,0062;-0,9489;;False
715,52;56.03;pa010​;20250411_094227;1;TUG2;0,0894;1,5015;0,1078;-0,0452;-0,3133;0,0067;-0,9485;;False
715,53;56.04;pa010​;20250411_094227;1;TUG2;0,0898;1,5013;0,1077;-0,0460;-0,3137;0,0080;-0,9484;;False
715,55;56.05;pa010​;20250411_094227;1;TUG2;0,0902;1,5011;0,1077;-0,0467;-0,3142;0,0090;-0,9481;;False
715,56;56.07;pa010​;20250411_094227;1;TUG2;0,0904;1,5009;0,1077;-0,0474;-0,3145;0,0102;-0,9480;;False
715,57;56.08;pa010​;20250411_094227;1;TUG2;0,0908;1,5008;0,1078;-0,0479;-0,3145;0,0111;-0,9480;;False
715,59;56.1;pa010​;20250411_094227;1;TUG2;0,0911;1,5006;0,1079;-0,0485;-0,3151;0,0119;-0,9477;;False
715,60;56.11;pa010​;20250411_094227;1;TUG2;0,0914;1,5005;0,1079;-0,0494;-0,3158;0,0121;-0,9475;;False
715,61;56.12;pa010​;20250411_094227;1;TUG2;0,0918;1,5004;0,1081;-0,0496;-0,3166;0,0124;-0,9472;;False
715,63;56.14;pa010​;20250411_094227;1;TUG2;0,0920;1,5004;0,1084;-0,0495;-0,3178;0,0123;-0,9468;;False
715,64;56.15;pa010​;20250411_094227;1;TUG2;0,0921;1,5002;0,1086;-0,0498;-0,3186;0,0123;-0,9465;;False
715,66;56.17;pa010​;20250411_094227;1;TUG2;0,0922;1,5000;0,1090;-0,0512;-0,3195;0,0125;-0,9461;;False
715,67;56.18;pa010​;20250411_094227;1;TUG2;0,0923;1,4999;0,1095;-0,0519;-0,3202;0,0129;-0,9458;;False
715,68;56.19;pa010​;20250411_094227;1;TUG2;0,0924;1,4998;0,1099;-0,0521;-0,3207;0,0130;-0,9456;;False
715,70;56.21;pa010​;20250411_094227;1;TUG2;0,0924;1,4998;0,1102;-0,0520;-0,3215;0,0127;-0,9454;;False
715,71;56.22;pa010​;20250411_094227;1;TUG2;0,0923;1,4997;0,1106;-0,0526;-0,3218;0,0128;-0,9453;;False
715,73;56.23;pa010​;20250411_094227;1;TUG2;0,0922;1,4997;0,1110;-0,0529;-0,3220;0,0128;-0,9452;;False
715,74;56.25;pa010​;20250411_094227;1;TUG2;0,0920;1,4997;0,1115;-0,0529;-0,3223;0,0127;-0,9451;;False
715,75;56.26;pa010​;20250411_094227;1;TUG2;0,0919;1,4998;0,1120;-0,0526;-0,3221;0,0126;-0,9451;;False
715,77;56.28;pa010​;20250411_094227;1;TUG2;0,0917;1,4998;0,1124;-0,0524;-0,3221;0,0126;-0,9452;;False
715,78;56.29;pa010​;20250411_094227;1;TUG2;0,0915;1,4998;0,1130;-0,0522;-0,3224;0,0123;-0,9451;;False
715,79;56.3;pa010​;20250411_094227;1;TUG2;0,0914;1,4998;0,1135;-0,0521;-0,3226;0,0119;-0,9450;;False
715,81;56.32;pa010​;20250411_094227;1;TUG2;0,0912;1,4997;0,1140;-0,0521;-0,3230;0,0117;-0,9449;;False
715,82;56.33;pa010​;20250411_094227;1;TUG2;0,0911;1,4996;0,1145;-0,0525;-0,3228;0,0116;-0,9449;;False
715,84;56.35;pa010​;20250411_094227;1;TUG2;0,0910;1,4995;0,1150;-0,0533;-0,3228;0,0117;-0,9449;;False
715,85;56.36;pa010​;20250411_094227;1;TUG2;0,0909;1,4995;0,1155;-0,0541;-0,3227;0,0119;-0,9449;;False
715,86;56.37;pa010​;20250411_094227;1;TUG2;0,0909;1,4994;0,1161;-0,0545;-0,3224;0,0119;-0,9450;;False
715,88;56.39;pa010​;20250411_094227;1;TUG2;0,0908;1,4994;0,1166;-0,0548;-0,3222;0,0118;-0,9450;;False
715,89;56.4;pa010​;20250411_094227;1;TUG2;0,0907;1,4993;0,1172;-0,0549;-0,3223;0,0117;-0,9450;;False
715,91;56.42;pa010​;20250411_094227;1;TUG2;0,0906;1,4993;0,1177;-0,0551;-0,3222;0,0119;-0,9450;;False
715,92;56.43;pa010​;20250411_094227;1;TUG2;0,0906;1,4991;0,1182;-0,0547;-0,3221;0,0117;-0,9451;;False
715,95;56.46;pa010​;20250411_094227;1;TUG2;0,0904;1,4988;0,1190;-0,0558;-0,3219;0,0113;-0,9451;;False
715,96;56.47;pa010​;20250411_094227;1;TUG2;0,0904;1,4986;0,1194;-0,0563;-0,3217;0,0116;-0,9451;;False
715,98;56.48;pa010​;20250411_094227;1;TUG2;0,0904;1,4985;0,1199;-0,0566;-0,3213;0,0120;-0,9452;;False
715,99;56.5;pa010​;20250411_094227;1;TUG2;0,0905;1,4983;0,1204;-0,0568;-0,3209;0,0122;-0,9453;;False
716,00;56.51;pa010​;20250411_094227;1;TUG2;0,0905;1,4982;0,1208;-0,0570;-0,3210;0,0123;-0,9453;;False
716,02;56.53;pa010​;20250411_094227;1;TUG2;0,0907;1,4980;0,1212;-0,0573;-0,3210;0,0124;-0,9453;;False
716,03;56.54;pa010​;20250411_094227;1;TUG2;0,0907;1,4979;0,1214;-0,0587;-0,3214;0,0126;-0,9450;;False
716,05;56.55;pa010​;20250411_094227;1;TUG2;0,0908;1,4977;0,1218;-0,0596;-0,3214;0,0125;-0,9450;;False
716,06;56.57;pa010​;20250411_094227;1;TUG2;0,0910;1,4977;0,1221;-0,0600;-0,3214;0,0123;-0,9449;;False
716,07;56.58;pa010​;20250411_094227;1;TUG2;0,0911;1,4977;0,1225;-0,0597;-0,3216;0,0120;-0,9449;;False
716,09;56.6;pa010​;20250411_094227;1;TUG2;0,0912;1,4977;0,1228;-0,0592;-0,3215;0,0118;-0,9450;;False
716,10;56.61;pa010​;20250411_094227;1;TUG2;0,0914;1,4978;0,1231;-0,0589;-0,3213;0,0118;-0,9451;;False
716,11;56.62;pa010​;20250411_094227;1;TUG2;0,0915;1,4978;0,1233;-0,0584;-0,3211;0,0117;-0,9452;;False
716,13;56.64;pa010​;20250411_094227;1;TUG2;0,0915;1,4979;0,1234;-0,0583;-0,3210;0,0120;-0,9452;;False
716,14;56.65;pa010​;20250411_094227;1;TUG2;0,0915;1,4980;0,1237;-0,0581;-0,3207;0,0122;-0,9453;;False
716,16;56.67;pa010​;20250411_094227;1;TUG2;0,0917;1,4981;0,1239;-0,0576;-0,3205;0,0126;-0,9454;;False
716,17;56.68;pa010​;20250411_094227;1;TUG2;0,0918;1,4982;0,1242;-0,0573;-0,3205;0,0128;-0,9454;;False
716,18;56.69;pa010​;20250411_094227;1;TUG2;0,0919;1,4982;0,1244;-0,0572;-0,3205;0,0128;-0,9454;;False
716,20;56.71;pa010​;20250411_094227;1;TUG2;0,0921;1,4983;0,1245;-0,0573;-0,3206;0,0128;-0,9454;;False
716,21;56.72;pa010​;20250411_094227;1;TUG2;0,0922;1,4983;0,1247;-0,0573;-0,3208;0,0129;-0,9453;;False
716,23;56.73;pa010​;20250411_094227;1;TUG2;0,0923;1,4983;0,1248;-0,0577;-0,3209;0,0129;-0,9453;;False
716,24;56.75;pa010​;20250411_094227;1;TUG2;0,0923;1,4982;0,1249;-0,0579;-0,3210;0,0128;-0,9452;;False
716,25;56.76;pa010​;20250411_094227;1;TUG2;0,0924;1,4982;0,1252;-0,0579;-0,3210;0,0127;-0,9452;;False
716,27;56.78;pa010​;20250411_094227;1;TUG2;0,0925;1,4981;0,1254;-0,0579;-0,3210;0,0127;-0,9452;;False
716,28;56.79;pa010​;20250411_094227;1;TUG2;0,0926;1,4979;0,1256;-0,0584;-0,3211;0,0128;-0,9451;;False
716,30;56.8;pa010​;20250411_094227;1;TUG2;0,0928;1,4977;0,1258;-0,0590;-0,3214;0,0133;-0,9450;;False
716,31;56.82;pa010​;20250411_094227;1;TUG2;0,0931;1,4973;0,1259;-0,0601;-0,3216;0,0135;-0,9449;;False
716,32;56.83;pa010​;20250411_094227;1;TUG2;0,0934;1,4973;0,1260;-0,0608;-0,3220;0,0137;-0,9447;;False
716,34;56.85;pa010​;20250411_094227;1;TUG2;0,0936;1,4972;0,1261;-0,0611;-0,3227;0,0137;-0,9444;;False
716,35;56.86;pa010​;20250411_094227;1;TUG2;0,0938;1,4971;0,1262;-0,0611;-0,3234;0,0136;-0,9442;;False
716,37;56.88;pa010​;20250411_094227;1;TUG2;0,0940;1,4972;0,1261;-0,0608;-0,3240;0,0134;-0,9440;;False
716,38;56.89;pa010​;20250411_094227;1;TUG2;0,0942;1,4973;0,1262;-0,0607;-0,3246;0,0136;-0,9438;;False
716,39;56.9;pa010​;20250411_094227;1;TUG2;0,0943;1,4974;0,1261;-0,0604;-0,3250;0,0137;-0,9437;;False
716,41;56.91;pa010​;20250411_094227;1;TUG2;0,0944;1,4977;0,1260;-0,0598;-0,3252;0,0135;-0,9437;;False
716,42;56.93;pa010​;20250411_094227;1;TUG2;0,0944;1,4980;0,1259;-0,0583;-0,3253;0,0135;-0,9437;;False
716,44;56.94;pa010​;20250411_094227;1;TUG2;0,0944;1,4988;0,1256;-0,0565;-0,3255;0,0136;-0,9438;;False
716,45;56.96;pa010​;20250411_094227;1;TUG2;0,0944;1,4992;0,1254;-0,0549;-0,3258;0,0136;-0,9437;;False
716,46;56.97;pa010​;20250411_094227;1;TUG2;0,0944;1,4996;0,1251;-0,0532;-0,3257;0,0135;-0,9439;;False
716,48;56.98;pa010​;20250411_094227;1;TUG2;0,0943;1,5000;0,1249;-0,0515;-0,3257;0,0131;-0,9440;;False
716,49;57.0;pa010​;20250411_094227;1;TUG2;0,0942;1,5004;0,1248;-0,0499;-0,3258;0,0127;-0,9440;;False
716,50;57.01;pa010​;20250411_094227;1;TUG2;0,0942;1,5006;0,1246;-0,0487;-0,3258;0,0124;-0,9441;;False
716,52;57.03;pa010​;20250411_094227;1;TUG2;0,0942;1,5007;0,1245;-0,0483;-0,3256;0,0124;-0,9442;;False
716,53;57.04;pa010​;20250411_094227;1;TUG2;0,0941;1,5008;0,1245;-0,0481;-0,3256;0,0125;-0,9442;;False
716,54;57.05;pa010​;20250411_094227;1;TUG2;0,0941;1,5011;0,1243;-0,0481;-0,3252;0,0128;-0,9443;;False
716,56;57.07;pa010​;20250411_094227;1;TUG2;0,0940;1,5009;0,1245;-0,0488;-0,3247;0,0128;-0,9445;;False
716,57;57.08;pa010​;20250411_094227;1;TUG2;0,0940;1,5007;0,1246;-0,0498;-0,3245;0,0127;-0,9445;;False
716,59;57.1;pa010​;20250411_094227;1;TUG2;0,0940;1,5004;0,1249;-0,0509;-0,3245;0,0126;-0,9444;;False
716,60;57.11;pa010​;20250411_094227;1;TUG2;0,0941;1,5002;0,1253;-0,0508;-0,3245;0,0119;-0,9444;;False
716,61;57.12;pa010​;20250411_094227;1;TUG2;0,0942;1,5000;0,1256;-0,0512;-0,3246;0,0117;-0,9444;;False
716,63;57.14;pa010​;20250411_094227;1;TUG2;0,0943;1,4995;0,1259;-0,0524;-0,3246;0,0118;-0,9443;;False
716,64;57.15;pa010​;20250411_094227;1;TUG2;0,0945;1,4990;0,1263;-0,0537;-0,3248;0,0123;-0,9442;;False
716,66;57.17;pa010​;20250411_094227;1;TUG2;0,0946;1,4984;0,1266;-0,0553;-0,3252;0,0126;-0,9439;;False
716,67;57.18;pa010​;20250411_094227;1;TUG2;0,0948;1,4977;0,1268;-0,0575;-0,3256;0,0131;-0,9437;;False
716,68;57.19;pa010​;20250411_094227;1;TUG2;0,0949;1,4973;0,1270;-0,0601;-0,3260;0,0133;-0,9434;;False
716,70;57.21;pa010​;20250411_094227;1;TUG2;0,0951;1,4971;0,1273;-0,0616;-0,3266;0,0135;-0,9431;;False
716,71;57.22;pa010​;20250411_094227;1;TUG2;0,0954;1,4969;0,1276;-0,0623;-0,3272;0,0136;-0,9428;;False
716,73;57.23;pa010​;20250411_094227;1;TUG2;0,0956;1,4967;0,1278;-0,0629;-0,3278;0,0134;-0,9425;;False
716,74;57.25;pa010​;20250411_094227;1;TUG2;0,0958;1,4964;0,1280;-0,0635;-0,3281;0,0134;-0,9424;;False
716,75;57.26;pa010​;20250411_094227;1;TUG2;0,0959;1,4962;0,1283;-0,0644;-0,3285;0,0133;-0,9422;;False
716,77;57.28;pa010​;20250411_094227;1;TUG2;0,0960;1,4960;0,1286;-0,0654;-0,3289;0,0132;-0,9420;;False
716,78;57.29;pa010​;20250411_094227;1;TUG2;0,0962;1,4957;0,1289;-0,0663;-0,3292;0,0132;-0,9418;;False
716,80;57.31;pa010​;20250411_094227;1;TUG2;0,0964;1,4953;0,1291;-0,0669;-0,3299;0,0126;-0,9416;;False
716,81;57.32;pa010​;20250411_094227;1;TUG2;0,0968;1,4950;0,1297;-0,0673;-0,3303;0,0123;-0,9414;;False
716,82;57.33;pa010​;20250411_094227;1;TUG2;0,0970;1,4947;0,1302;-0,0677;-0,3310;0,0114;-0,9411;;False
716,84;57.35;pa010​;20250411_094227;1;TUG2;0,0973;1,4942;0,1307;-0,0680;-0,3314;0,0113;-0,9410;;False
716,85;57.36;pa010​;20250411_094227;1;TUG2;0,0977;1,4938;0,1311;-0,0683;-0,3321;0,0108;-0,9407;;False
716,86;57.37;pa010​;20250411_094227;1;TUG2;0,0981;1,4931;0,1315;-0,0691;-0,3324;0,0107;-0,9405;;False
716,88;57.39;pa010​;20250411_094227;1;TUG2;0,0982;1,4924;0,1317;-0,0712;-0,3327;0,0115;-0,9403;;False
716,89;57.4;pa010​;20250411_094227;1;TUG2;0,0982;1,4920;0,1316;-0,0748;-0,3324;0,0123;-0,9401;;False
716,91;57.41;pa010​;20250411_094227;1;TUG2;0,0983;1,4920;0,1316;-0,0770;-0,3323;0,0130;-0,9399;;False
716,92;57.43;pa010​;20250411_094227;1;TUG2;0,0984;1,4924;0,1318;-0,0761;-0,3324;0,0134;-0,9400;;False
716,93;57.44;pa010​;20250411_094227;1;TUG2;0,0984;1,4922;0,1320;-0,0740;-0,3323;0,0133;-0,9402;;False
716,95;57.46;pa010​;20250411_094227;1;TUG2;0,0983;1,4928;0,1320;-0,0720;-0,3318;0,0133;-0,9405;;False
716,96;57.47;pa010​;20250411_094227;1;TUG2;0,0978;1,4941;0,1317;-0,0703;-0,3310;0,0129;-0,9409;;False
716,98;57.48;pa010​;20250411_094227;1;TUG2;0,0975;1,4947;0,1315;-0,0680;-0,3301;0,0122;-0,9414;;False
716,99;57.5;pa010​;20250411_094227;1;TUG2;0,0973;1,4954;0,1313;-0,0658;-0,3292;0,0121;-0,9419;;False
717,00;57.51;pa010​;20250411_094227;1;TUG2;0,0971;1,4960;0,1311;-0,0637;-0,3284;0,0118;-0,9423;;False
717,02;57.53;pa010​;20250411_094227;1;TUG2;0,0969;1,4967;0,1309;-0,0617;-0,3275;0,0115;-0,9428;;False
717,03;57.54;pa010​;20250411_094227;1;TUG2;0,0968;1,4972;0,1308;-0,0591;-0,3270;0,0112;-0,9431;;False
717,04;57.55;pa010​;20250411_094227;1;TUG2;0,0965;1,4976;0,1305;-0,0574;-0,3267;0,0111;-0,9433;;False
717,06;57.57;pa010​;20250411_094227;1;TUG2;0,0963;1,4980;0,1303;-0,0566;-0,3267;0,0113;-0,9434;;False
717,07;57.58;pa010​;20250411_094227;1;TUG2;0,0961;1,4983;0,1301;-0,0562;-0,3268;0,0115;-0,9434;;False
717,09;57.59;pa010​;20250411_094227;1;TUG2;0,0960;1,4984;0,1298;-0,0556;-0,3267;0,0117;-0,9434;;False
717,10;57.61;pa010​;20250411_094227;1;TUG2;0,0959;1,4987;0,1296;-0,0554;-0,3267;0,0120;-0,9434;;False
717,11;57.62;pa010​;20250411_094227;1;TUG2;0,0959;1,4990;0,1295;-0,0549;-0,3268;0,0117;-0,9434;;False
717,13;57.64;pa010​;20250411_094227;1;TUG2;0,0958;1,4992;0,1294;-0,0538;-0,3270;0,0111;-0,9434;;False
717,14;57.65;pa010​;20250411_094227;1;TUG2;0,0957;1,4992;0,1293;-0,0531;-0,3270;0,0107;-0,9435;;False
717,16;57.66;pa010​;20250411_094227;1;TUG2;0,0956;1,4994;0,1291;-0,0528;-0,3271;0,0107;-0,9434;;False
717,17;57.68;pa010​;20250411_094227;1;TUG2;0,0956;1,4994;0,1290;-0,0528;-0,3271;0,0109;-0,9434;;False
717,18;57.69;pa010​;20250411_094227;1;TUG2;0,0955;1,4993;0,1289;-0,0533;-0,3272;0,0113;-0,9434;;False
717,20;57.71;pa010​;20250411_094227;1;TUG2;0,0955;1,4992;0,1289;-0,0541;-0,3273;0,0118;-0,9433;;False
717,21;57.72;pa010​;20250411_094227;1;TUG2;0,0954;1,4990;0,1288;-0,0547;-0,3276;0,0121;-0,9432;;False
717,22;57.73;pa010​;20250411_094227;1;TUG2;0,0954;1,4989;0,1288;-0,0549;-0,3278;0,0119;-0,9431;;False
717,24;57.75;pa010​;20250411_094227;1;TUG2;0,0953;1,4989;0,1288;-0,0548;-0,3280;0,0117;-0,9430;;False
717,25;57.76;pa010​;20250411_094227;1;TUG2;0,0952;1,4989;0,1288;-0,0547;-0,3280;0,0114;-0,9430;;False
717,27;57.78;pa010​;20250411_094227;1;TUG2;0,0951;1,4990;0,1289;-0,0546;-0,3278;0,0111;-0,9431;;False
717,28;57.79;pa010​;20250411_094227;1;TUG2;0,0950;1,4990;0,1291;-0,0544;-0,3275;0,0109;-0,9432;;False
717,30;57.8;pa010​;20250411_094227;1;TUG2;0,0948;1,4989;0,1292;-0,0547;-0,3272;0,0107;-0,9433;;False
717,31;57.82;pa010​;20250411_094227;1;TUG2;0,0947;1,4989;0,1294;-0,0547;-0,3267;0,0106;-0,9435;;False
717,32;57.83;pa010​;20250411_094227;1;TUG2;0,0945;1,4989;0,1296;-0,0546;-0,3263;0,0105;-0,9436;;False
717,34;57.85;pa010​;20250411_094227;1;TUG2;0,0944;1,4988;0,1298;-0,0548;-0,3258;0,0106;-0,9438;;False
717,35;57.86;pa010​;20250411_094227;1;TUG2;0,0943;1,4988;0,1300;-0,0546;-0,3252;0,0104;-0,9440;;False
717,37;57.87;pa010​;20250411_094227;1;TUG2;0,0942;1,4988;0,1303;-0,0543;-0,3249;0,0098;-0,9441;;False
717,38;57.89;pa010​;20250411_094227;1;TUG2;0,0941;1,4988;0,1305;-0,0543;-0,3246;0,0096;-0,9443;;False
717,39;57.9;pa010​;20250411_094227;1;TUG2;0,0939;1,4987;0,1307;-0,0545;-0,3244;0,0092;-0,9443;;False
717,41;57.92;pa010​;20250411_094227;1;TUG2;0,0938;1,4986;0,1311;-0,0547;-0,3238;0,0083;-0,9445;;False
717,42;57.93;pa010​;20250411_094227;1;TUG2;0,0935;1,4983;0,1316;-0,0552;-0,3230;0,0078;-0,9448;;False
717,43;57.94;pa010​;20250411_094227;1;TUG2;0,0932;1,4978;0,1322;-0,0563;-0,3214;0,0074;-0,9452;;False
717,45;57.96;pa010​;20250411_094227;1;TUG2;0,0930;1,4973;0,1329;-0,0581;-0,3196;0,0070;-0,9457;;False
717,46;57.97;pa010​;20250411_094227;1;TUG2;0,0927;1,4965;0,1337;-0,0603;-0,3174;0,0070;-0,9463;;False
717,48;57.98;pa010​;20250411_094227;1;TUG2;0,0924;1,4956;0,1345;-0,0635;-0,3150;0,0070;-0,9469;;False
717,49;58.0;pa010​;20250411_094227;1;TUG2;0,0920;1,4944;0,1353;-0,0679;-0,3121;0,0071;-0,9476;;False
717,50;58.01;pa010​;20250411_094227;1;TUG2;0,0916;1,4932;0,1361;-0,0738;-0,3089;0,0075;-0,9482;;False
717,52;58.03;pa010​;20250411_094227;1;TUG2;0,0912;1,4920;0,1369;-0,0791;-0,3055;0,0081;-0,9489;;False
717,53;58.04;pa010​;20250411_094227;1;TUG2;0,0907;1,4907;0,1377;-0,0845;-0,3015;0,0086;-0,9497;;False
717,54;58.05;pa010​;20250411_094227;1;TUG2;0,0901;1,4893;0,1387;-0,0903;-0,2973;0,0088;-0,9505;;False
717,56;58.07;pa010​;20250411_094227;1;TUG2;0,0896;1,4877;0,1397;-0,0966;-0,2927;0,0094;-0,9513;;False
717,57;58.08;pa010​;20250411_094227;1;TUG2;0,0889;1,4859;0,1407;-0,1031;-0,2877;0,0097;-0,9521;;False
717,59;58.1;pa010​;20250411_094227;1;TUG2;0,0881;1,4838;0,1416;-0,1109;-0,2825;0,0105;-0,9528;;False
717,60;58.11;pa010​;20250411_094227;1;TUG2;0,0874;1,4816;0,1424;-0,1198;-0,2771;0,0109;-0,9533;;False
717,61;58.12;pa010​;20250411_094227;1;TUG2;0,0865;1,4792;0,1434;-0,1290;-0,2724;0,0110;-0,9534;;False
717,63;58.14;pa010​;20250411_094227;1;TUG2;0,0859;1,4767;0,1443;-0,1387;-0,2680;0,0112;-0,9533;;False
717,64;58.15;pa010​;20250411_094227;1;TUG2;0,0853;1,4742;0,1452;-0,1489;-0,2644;0,0110;-0,9528;;False
717,66;58.17;pa010​;20250411_094227;1;TUG2;0,0849;1,4716;0,1461;-0,1582;-0,2605;0,0103;-0,9524;;False
717,67;58.18;pa010​;20250411_094227;1;TUG2;0,0842;1,4690;0,1470;-0,1681;-0,2566;0,0100;-0,9518;;False
717,68;58.19;pa010​;20250411_094227;1;TUG2;0,0835;1,4662;0,1478;-0,1783;-0,2524;0,0102;-0,9510;;False
717,70;58.21;pa010​;20250411_094227;1;TUG2;0,0827;1,4634;0,1486;-0,1880;-0,2472;0,0113;-0,9505;;False
717,71;58.22;pa010​;20250411_094227;1;TUG2;0,0819;1,4606;0,1495;-0,1965;-0,2413;0,0126;-0,9503;;False
717,73;58.24;pa010​;20250411_094227;1;TUG2;0,0809;1,4583;0,1501;-0,2036;-0,2349;0,0143;-0,9503;;False
717,74;58.25;pa010​;20250411_094227;1;TUG2;0,0799;1,4566;0,1508;-0,2095;-0,2294;0,0167;-0,9504;;False
717,75;58.26;pa010​;20250411_094227;1;TUG2;0,0791;1,4552;0,1513;-0,2128;-0,2241;0,0187;-0,9509;;False
717,77;58.28;pa010​;20250411_094227;1;TUG2;0,0782;1,4543;0,1520;-0,2143;-0,2185;0,0198;-0,9518;;False
717,78;58.29;pa010​;20250411_094227;1;TUG2;0,0772;1,4540;0,1527;-0,2150;-0,2127;0,0206;-0,9529;;False
717,80;58.3;pa010​;20250411_094227;1;TUG2;0,0762;1,4542;0,1536;-0,2122;-0,2066;0,0209;-0,9549;;False
717,81;58.32;pa010​;20250411_094227;1;TUG2;0,0751;1,4546;0,1539;-0,2095;-0,2005;0,0217;-0,9568;;False
717,82;58.33;pa010​;20250411_094227;1;TUG2;0,0738;1,4552;0,1540;-0,2069;-0,1946;0,0228;-0,9585;;False
717,84;58.35;pa010​;20250411_094227;1;TUG2;0,0726;1,4559;0,1537;-0,2040;-0,1886;0,0242;-0,9603;;False
717,85;58.36;pa010​;20250411_094227;1;TUG2;0,0715;1,4571;0,1536;-0,2007;-0,1827;0,0250;-0,9621;;False
717,86;58.37;pa010​;20250411_094227;1;TUG2;0,0704;1,4583;0,1535;-0,1963;-0,1771;0,0258;-0,9641;;False
717,88;58.39;pa010​;20250411_094227;1;TUG2;0,0691;1,4595;0,1532;-0,1917;-0,1714;0,0266;-0,9660;;False
717,89;58.4;pa010​;20250411_094227;1;TUG2;0,0679;1,4606;0,1528;-0,1874;-0,1656;0,0276;-0,9678;;False
717,91;58.41;pa010​;20250411_094227;1;TUG2;0,0665;1,4618;0,1524;-0,1839;-0,1600;0,0285;-0,9694;;False
717,92;58.43;pa010​;20250411_094227;1;TUG2;0,0651;1,4630;0,1520;-0,1803;-0,1541;0,0291;-0,9710;;False
717,93;58.44;pa010​;20250411_094227;1;TUG2;0,0637;1,4643;0,1517;-0,1767;-0,1488;0,0296;-0,9725;;False
717,95;58.46;pa010​;20250411_094227;1;TUG2;0,0625;1,4654;0,1514;-0,1723;-0,1435;0,0300;-0,9741;;False
717,96;58.47;pa010​;20250411_094227;1;TUG2;0,0613;1,4665;0,1511;-0,1678;-0,1380;0,0296;-0,9757;;False
717,98;58.48;pa010​;20250411_094227;1;TUG2;0,0600;1,4675;0,1507;-0,1639;-0,1335;0,0293;-0,9770;;False
717,99;58.5;pa010​;20250411_094227;1;TUG2;0,0589;1,4683;0,1504;-0,1611;-0,1288;0,0295;-0,9781;;False
718,00;58.51;pa010​;20250411_094227;1;TUG2;0,0578;1,4691;0,1502;-0,1584;-0,1244;0,0294;-0,9791;;False
718,02;58.53;pa010​;20250411_094227;1;TUG2;0,0567;1,4696;0,1500;-0,1557;-0,1202;0,0294;-0,9800;;False
718,03;58.54;pa010​;20250411_094227;1;TUG2;0,0556;1,4702;0,1502;-0,1536;-0,1159;0,0294;-0,9809;;False
718,04;58.55;pa010​;20250411_094227;1;TUG2;0,0545;1,4706;0,1504;-0,1514;-0,1114;0,0290;-0,9817;;False
718,06;58.57;pa010​;20250411_094227;1;TUG2;0,0534;1,4708;0,1506;-0,1510;-0,1069;0,0293;-0,9823;;False
718,07;58.58;pa010​;20250411_094227;1;TUG2;0,0524;1,4707;0,1508;-0,1516;-0,1022;0,0296;-0,9827;;False
718,09;58.6;pa010​;20250411_094227;1;TUG2;0,0513;1,4706;0,1511;-0,1534;-0,0981;0,0294;-0,9829;;False
718,10;58.61;pa010​;20250411_094227;1;TUG2;0,0505;1,4707;0,1516;-0,1549;-0,0942;0,0286;-0,9830;;False
718,11;58.62;pa010​;20250411_094227;1;TUG2;0,0498;1,4707;0,1523;-0,1547;-0,0901;0,0276;-0,9835;;False
718,13;58.64;pa010​;20250411_094227;1;TUG2;0,0489;1,4709;0,1528;-0,1541;-0,0871;0,0263;-0,9839;;False
718,14;58.65;pa010​;20250411_094227;1;TUG2;0,0483;1,4712;0,1533;-0,1539;-0,0837;0,0257;-0,9842;;False
718,16;58.67;pa010​;20250411_094227;1;TUG2;0,0477;1,4716;0,1536;-0,1532;-0,0808;0,0254;-0,9846;;False
718,17;58.68;pa010​;20250411_094227;1;TUG2;0,0472;1,4719;0,1539;-0,1520;-0,0782;0,0256;-0,9849;;False
718,18;58.69;pa010​;20250411_094227;1;TUG2;0,0466;1,4724;0,1540;-0,1503;-0,0757;0,0264;-0,9854;;False
718,20;58.71;pa010​;20250411_094227;1;TUG2;0,0460;1,4730;0,1541;-0,1482;-0,0728;0,0270;-0,9859;;False
718,21;58.72;pa010​;20250411_094227;1;TUG2;0,0456;1,4736;0,1542;-0,1460;-0,0697;0,0283;-0,9864;;False
718,23;58.73;pa010​;20250411_094227;1;TUG2;0,0450;1,4743;0,1543;-0,1440;-0,0669;0,0295;-0,9869;;False
718,24;58.75;pa010​;20250411_094227;1;TUG2;0,0447;1,4747;0,1543;-0,1418;-0,0637;0,0303;-0,9874;;False
718,25;58.76;pa010​;20250411_094227;1;TUG2;0,0442;1,4750;0,1542;-0,1404;-0,0612;0,0307;-0,9877;;False
718,27;58.78;pa010​;20250411_094227;1;TUG2;0,0439;1,4752;0,1542;-0,1401;-0,0593;0,0308;-0,9879;;False
718,28;58.79;pa010​;20250411_094227;1;TUG2;0,0437;1,4751;0,1541;-0,1401;-0,0573;0,0310;-0,9880;;False
718,29;58.8;pa010​;20250411_094227;1;TUG2;0,0436;1,4748;0,1540;-0,1410;-0,0559;0,0313;-0,9879;;False
718,31;58.82;pa010​;20250411_094227;1;TUG2;0,0434;1,4748;0,1540;-0,1428;-0,0550;0,0323;-0,9877;;False
718,32;58.83;pa010​;20250411_094227;1;TUG2;0,0436;1,4734;0,1540;-0,1451;-0,0540;0,0337;-0,9874;;False
718,34;58.85;pa010​;20250411_094227;1;TUG2;0,0437;1,4724;0,1541;-0,1487;-0,0532;0,0355;-0,9868;;False
718,35;58.86;pa010​;20250411_094227;1;TUG2;0,0439;1,4712;0,1543;-0,1529;-0,0524;0,0371;-0,9862;;False
718,37;58.87;pa010​;20250411_094227;1;TUG2;0,0441;1,4699;0,1543;-0,1573;-0,0522;0,0377;-0,9855;;False
718,38;58.89;pa010​;20250411_094227;1;TUG2;0,0443;1,4686;0,1541;-0,1624;-0,0528;0,0378;-0,9846;;False
718,39;58.9;pa010​;20250411_094227;1;TUG2;0,0446;1,4671;0,1536;-0,1686;-0,0541;0,0377;-0,9835;;False
718,41;58.91;pa010​;20250411_094227;1;TUG2;0,0450;1,4656;0,1532;-0,1745;-0,0552;0,0372;-0,9824;;False
718,42;58.93;pa010​;20250411_094227;1;TUG2;0,0451;1,4640;0,1528;-0,1805;-0,0569;0,0366;-0,9813;;False
718,43;58.94;pa010​;20250411_094227;1;TUG2;0,0453;1,4624;0,1521;-0,1868;-0,0576;0,0367;-0,9800;;False
718,45;58.96;pa010​;20250411_094227;1;TUG2;0,0453;1,4609;0,1514;-0,1940;-0,0586;0,0377;-0,9785;;False
718,46;58.97;pa010​;20250411_094227;1;TUG2;0,0454;1,4593;0,1506;-0,1997;-0,0593;0,0391;-0,9773;;False
718,48;58.98;pa010​;20250411_094227;1;TUG2;0,0454;1,4580;0,1501;-0,2047;-0,0594;0,0409;-0,9762;;False
718,49;59.0;pa010​;20250411_094227;1;TUG2;0,0454;1,4565;0,1496;-0,2088;-0,0592;0,0433;-0,9752;;False
718,50;59.01;pa010​;20250411_094227;1;TUG2;0,0456;1,4551;0,1488;-0,2135;-0,0596;0,0452;-0,9741;;False
718,52;59.03;pa010​;20250411_094227;1;TUG2;0,0458;1,4535;0,1477;-0,2185;-0,0606;0,0466;-0,9728;;False
718,53;59.04;pa010​;20250411_094227;1;TUG2;0,0460;1,4520;0,1466;-0,2239;-0,0621;0,0472;-0,9715;;False
718,54;59.05;pa010​;20250411_094227;1;TUG2;0,0462;1,4505;0,1455;-0,2294;-0,0641;0,0482;-0,9700;;False
718,56;59.07;pa010​;20250411_094227;1;TUG2;0,0465;1,4489;0,1443;-0,2349;-0,0664;0,0488;-0,9685;;False
718,57;59.08;pa010​;20250411_094227;1;TUG2;0,0467;1,4473;0,1432;-0,2410;-0,0684;0,0492;-0,9669;;False
718,59;59.09;pa010​;20250411_094227;1;TUG2;0,0471;1,4456;0,1419;-0,2471;-0,0700;0,0497;-0,9652;;False
718,60;59.11;pa010​;20250411_094227;1;TUG2;0,0473;1,4442;0,1408;-0,2538;-0,0719;0,0506;-0,9633;;False
718,61;59.12;pa010​;20250411_094227;1;TUG2;0,0474;1,4427;0,1396;-0,2597;-0,0735;0,0514;-0,9615;;False
718,63;59.14;pa010​;20250411_094227;1;TUG2;0,0476;1,4417;0,1386;-0,2647;-0,0744;0,0521;-0,9601;;False
718,64;59.15;pa010​;20250411_094227;1;TUG2;0,0479;1,4411;0,1379;-0,2670;-0,0757;0,0529;-0,9593;;False
718,66;59.16;pa010​;20250411_094227;1;TUG2;0,0481;1,4414;0,1374;-0,2665;-0,0778;0,0537;-0,9592;;False
718,67;59.18;pa010​;20250411_094227;1;TUG2;0,0483;1,4419;0,1368;-0,2641;-0,0798;0,0546;-0,9596;;False
718,68;59.19;pa010​;20250411_094227;1;TUG2;0,0485;1,4423;0,1362;-0,2615;-0,0813;0,0552;-0,9602;;False
718,70;59.21;pa010​;20250411_094227;1;TUG2;0,0478;1,4427;0,1357;-0,2590;-0,0865;0,0543;-0,9605;;False
718,71;59.22;pa010​;20250411_094227;1;TUG2;0,0502;1,4433;0,1347;-0,2564;-0,0819;0,0566;-0,9614;;False
718,72;59.23;pa010​;20250411_094227;1;TUG2;0,0493;1,4433;0,1350;-0,2557;-0,0861;0,0578;-0,9612;;False
718,74;59.25;pa010​;20250411_094227;1;TUG2;0,0490;1,4444;0,1343;-0,2544;-0,0881;0,0571;-0,9614;;False
718,75;59.26;pa010​;20250411_094227;1;TUG2;0,0495;1,4436;0,1346;-0,2532;-0,0873;0,0588;-0,9617;;False
718,77;59.28;pa010​;20250411_094227;1;TUG2;0,0497;1,4443;0,1347;-0,2542;-0,0887;0,0584;-0,9613;;False
718,78;59.29;pa010​;20250411_094227;1;TUG2;0,0500;1,4441;0,1346;-0,2519;-0,0935;0,0606;-0,9613;;False
718,79;59.3;pa010​;20250411_094227;1;TUG2;0,0506;1,4436;0,1360;-0,2499;-0,0970;0,0597;-0,9615;;False
718,81;59.32;pa010​;20250411_094227;1;TUG2;0,0511;1,4432;0,1367;-0,2483;-0,1001;0,0564;-0,9618;;False
718,82;59.33;pa010​;20250411_094227;1;TUG2;0,0515;1,4426;0,1371;-0,2483;-0,1029;0,0553;-0,9616;;False
718,84;59.35;pa010​;20250411_094227;1;TUG2;0,0515;1,4422;0,1378;-0,2492;-0,1018;0,0527;-0,9616;;False
718,85;59.36;pa010​;20250411_094227;1;TUG2;0,0509;1,4414;0,1391;-0,2490;-0,0992;0,0517;-0,9620;;False
718,86;59.37;pa010​;20250411_094227;1;TUG2;0,0502;1,4404;0,1399;-0,2501;-0,0943;0,0516;-0,9622;;False
718,88;59.39;pa010​;20250411_094227;1;TUG2;0,0498;1,4396;0,1400;-0,2520;-0,0913;0,0564;-0,9618;;False
718,89;59.4;pa010​;20250411_094227;1;TUG2;0,0492;1,4395;0,1405;-0,2553;-0,0930;0,0617;-0,9604;;False
718,91;59.42;pa010​;20250411_094227;1;TUG2;0,0493;1,4389;0,1412;-0,2533;-0,0945;0,0646;-0,9606;;False
718,92;59.43;pa010​;20250411_094227;1;TUG2;0,0497;1,4391;0,1422;-0,2501;-0,0950;0,0660;-0,9613;;False
718,93;59.44;pa010​;20250411_094227;1;TUG2;0,0494;1,4391;0,1422;-0,2497;-0,0944;0,0657;-0,9615;;False
718,95;59.46;pa010​;20250411_094227;1;TUG2;0,0492;1,4392;0,1421;-0,2512;-0,0913;0,0625;-0,9616;;False
718,96;59.47;pa010​;20250411_094227;1;TUG2;0,0491;1,4391;0,1437;-0,2472;-0,0863;0,0569;-0,9634;;False
718,98;59.48;pa010​;20250411_094227;1;TUG2;0,0486;1,4392;0,1456;-0,2387;-0,0834;0,0536;-0,9660;;False
718,99;59.5;pa010​;20250411_094227;1;TUG2;0,0491;1,4399;0,1476;-0,2350;-0,0798;0,0487;-0,9675;;False
719,00;59.51;pa010​;20250411_094227;1;TUG2;0,0482;1,4397;0,1481;-0,2348;-0,0843;0,0469;-0,9673;;False
719,02;59.53;pa010​;20250411_094227;1;TUG2;0,0490;1,4399;0,1488;-0,2321;-0,0821;0,0475;-0,9680;;False
719,03;59.54;pa010​;20250411_094227;1;TUG2;0,0477;1,4392;0,1489;-0,2338;-0,0867;0,0466;-0,9673;;False
719,04;59.55;pa010​;20250411_094227;1;TUG2;0,0472;1,4391;0,1493;-0,2360;-0,0867;0,0456;-0,9668;;False
719,06;59.57;pa010​;20250411_094227;1;TUG2;0,0463;1,4377;0,1487;-0,2408;-0,0856;0,0461;-0,9657;;False
719,07;59.58;pa010​;20250411_094227;1;TUG2;0,0455;1,4377;0,1482;-0,2502;-0,0810;0,0446;-0,9638;;False
719,09;59.6;pa010​;20250411_094227;1;TUG2;0,0450;1,4372;0,1492;-0,2487;-0,0750;0,0452;-0,9646;;False
719,10;59.61;pa010​;20250411_094227;1;TUG2;0,0438;1,4371;0,1508;-0,2458;-0,0717;0,0457;-0,9656;;False
719,11;59.62;pa010​;20250411_094227;1;TUG2;0,0435;1,4367;0,1522;-0,2470;-0,0709;0,0464;-0,9653;;False
719,13;59.64;pa010​;20250411_094227;1;TUG2;0,0432;1,4357;0,1537;-0,2471;-0,0730;0,0461;-0,9652;;False
719,14;59.65;pa010​;20250411_094227;1;TUG2;0,0432;1,4350;0,1553;-0,2481;-0,0749;0,0452;-0,9648;;False
719,16;59.67;pa010​;20250411_094227;1;TUG2;0,0431;1,4343;0,1549;-0,2471;-0,0764;0,0412;-0,9651;;False
719,17;59.68;pa010​;20250411_094227;1;TUG2;0,0428;1,4337;0,1545;-0,2545;-0,0748;0,0397;-0,9633;;False
719,18;59.69;pa010​;20250411_094227;1;TUG2;0,0416;1,4335;0,1531;-0,2586;-0,0752;0,0379;-0,9623;;False
719,20;59.71;pa010​;20250411_094227;1;TUG2;0,0408;1,4331;0,1512;-0,2608;-0,0731;0,0386;-0,9619;;False
719,21;59.72;pa010​;20250411_094227;1;TUG2;0,0398;1,4325;0,1506;-0,2668;-0,0708;0,0388;-0,9604;;False
719,23;59.74;pa010​;20250411_094227;1;TUG2;0,0390;1,4326;0,1504;-0,2673;-0,0678;0,0401;-0,9604;;False
719,24;59.75;pa010​;20250411_094227;1;TUG2;0,0390;1,4326;0,1515;-0,2663;-0,0641;0,0409;-0,9609;;False
719,25;59.76;pa010​;20250411_094227;1;TUG2;0,0382;1,4330;0,1522;-0,2640;-0,0625;0,0430;-0,9615;;False
719,27;59.78;pa010​;20250411_094227;1;TUG2;0,0375;1,4333;0,1522;-0,2641;-0,0618;0,0462;-0,9614;;False
719,28;59.79;pa010​;20250411_094227;1;TUG2;0,0373;1,4334;0,1525;-0,2594;-0,0608;0,0481;-0,9626;;False
719,30;59.8;pa010​;20250411_094227;1;TUG2;0,0369;1,4343;0,1519;-0,2585;-0,0620;0,0485;-0,9628;;False
719,31;59.82;pa010​;20250411_094227;1;TUG2;0,0368;1,4347;0,1511;-0,2585;-0,0614;0,0483;-0,9629;;False
719,32;59.83;pa010​;20250411_094227;1;TUG2;0,0366;1,4355;0,1505;-0,2563;-0,0609;0,0477;-0,9635;;False
719,34;59.85;pa010​;20250411_094227;1;TUG2;0,0371;1,4369;0,1499;-0,2550;-0,0575;0,0483;-0,9640;;False
719,35;59.86;pa010​;20250411_094227;1;TUG2;0,0362;1,4379;0,1479;-0,2552;-0,0604;0,0472;-0,9638;;False
719,37;59.87;pa010​;20250411_094227;1;TUG2;0,0364;1,4395;0,1471;-0,2548;-0,0623;0,0473;-0,9638;;False
719,38;59.89;pa010​;20250411_094227;1;TUG2;0,0366;1,4411;0,1466;-0,2562;-0,0656;0,0474;-0,9632;;False
719,39;59.9;pa010​;20250411_094227;1;TUG2;0,0371;1,4424;0,1462;-0,2567;-0,0686;0,0479;-0,9629;;False
719,41;59.92;pa010​;20250411_094227;1;TUG2;0,0374;1,4438;0,1460;-0,2541;-0,0710;0,0478;-0,9634;;False
719,42;59.93;pa010​;20250411_094227;1;TUG2;0,0379;1,4443;0,1464;-0,2443;-0,0703;0,0433;-0,9662;;False
719,43;59.94;pa010​;20250411_094227;1;TUG2;0,0375;1,4474;0,1459;-0,2308;-0,0752;0,0350;-0,9695;;False
719,45;59.96;pa010​;20250411_094227;1;TUG2;0,0384;1,4477;0,1466;-0,2251;-0,0706;0,0318;-0,9713;;False
719,46;59.97;pa010​;20250411_094227;1;TUG2;0,0380;1,4490;0,1458;-0,2235;-0,0694;0,0301;-0,9718;;False
719,48;59.98;pa010​;20250411_094227;1;TUG2;0,0375;1,4491;0,1451;-0,2227;-0,0676;0,0326;-0,9720;;False
719,49;60.0;pa010​;20250411_094227;1;TUG2;0,0364;1,4492;0,1449;-0,2241;-0,0665;0,0359;-0,9716;;False
719,50;60.01;pa010​;20250411_094227;1;TUG2;0,0359;1,4497;0,1446;-0,2276;-0,0649;0,0404;-0,9708;;False
719,52;60.03;pa010​;20250411_094227;1;TUG2;0,0357;1,4497;0,1445;-0,2311;-0,0651;0,0453;-0,9697;;False
719,53;60.04;pa010​;20250411_094227;1;TUG2;0,0362;1,4498;0,1449;-0,2311;-0,0654;0,0465;-0,9696;;False
719,54;60.05;pa010​;20250411_094227;1;TUG2;0,0359;1,4500;0,1448;-0,2273;-0,0660;0,0459;-0,9705;;False
719,56;60.07;pa010​;20250411_094227;1;TUG2;0,0364;1,4497;0,1455;-0,2235;-0,0669;0,0430;-0,9714;;False
719,57;60.08;pa010​;20250411_094227;1;TUG2;0,0373;1,4493;0,1464;-0,2181;-0,0671;0,0423;-0,9727;;False
719,59;60.1;pa010​;20250411_094227;1;TUG2;0,0373;1,4492;0,1462;-0,2178;-0,0682;0,0418;-0,9727;;False
719,60;60.11;pa010​;20250411_094227;1;TUG2;0,0376;1,4487;0,1466;-0,2173;-0,0722;0,0430;-0,9725;;False
719,61;60.12;pa010​;20250411_094227;1;TUG2;0,0381;1,4484;0,1479;-0,2104;-0,0771;0,0434;-0,9736;;False
719,63;60.14;pa010​;20250411_094227;1;TUG2;0,0390;1,4485;0,1496;-0,2027;-0,0810;0,0450;-0,9748;;False
719,64;60.15;pa010​;20250411_094227;1;TUG2;0,0397;1,4488;0,1504;-0,1964;-0,0813;0,0431;-0,9762;;False
719,66;60.17;pa010​;20250411_094227;1;TUG2;0,0398;1,4487;0,1509;-0,1956;-0,0815;0,0383;-0,9765;;False
719,68;60.19;pa010​;20250411_094227;1;TUG2;0,0395;1,4476;0,1504;-0,2041;-0,0785;0,0404;-0,9750;;False
719,71;60.22;pa010​;20250411_094227;1;TUG2;0,0394;1,4465;0,1505;-0,2120;-0,0768;0,0444;-0,9732;;False
719,72;60.23;pa010​;20250411_094227;1;TUG2;0,0392;1,4464;0,1507;-0,2138;-0,0765;0,0471;-0,9727;;False
719,74;60.25;pa010​;20250411_094227;1;TUG2;0,0387;1,4460;0,1501;-0,2166;-0,0772;0,0499;-0,9719;;False
719,75;60.26;pa010​;20250411_094227;1;TUG2;0,0384;1,4453;0,1490;-0,2224;-0,0776;0,0519;-0,9705;;False
719,76;60.27;pa010​;20250411_094227;1;TUG2;0,0383;1,4444;0,1472;-0,2333;-0,0777;0,0516;-0,9679;;False
719,78;60.29;pa010​;20250411_094227;1;TUG2;0,0382;1,4437;0,1457;-0,2467;-0,0773;0,0512;-0,9646;;False
719,79;60.3;pa010​;20250411_094227;1;TUG2;0,0382;1,4439;0,1450;-0,2615;-0,0773;0,0508;-0,9608;;False
719,81;60.31;pa010​;20250411_094227;1;TUG2;0,0380;1,4442;0,1444;-0,2685;-0,0787;0,0506;-0,9587;;False
719,82;60.33;pa010​;20250411_094227;1;TUG2;0,0389;1,4449;0,1458;-0,2726;-0,0774;0,0531;-0,9575;;False
719,83;60.34;pa010​;20250411_094227;1;TUG2;0,0385;1,4447;0,1451;-0,2656;-0,0802;0,0532;-0,9593;;False
719,85;60.36;pa010​;20250411_094227;1;TUG2;0,0391;1,4450;0,1475;-0,2559;-0,0835;0,0560;-0,9615;;False
719,86;60.37;pa010​;20250411_094227;1;TUG2;0,0392;1,4460;0,1476;-0,2512;-0,0853;0,0543;-0,9626;;False
719,88;60.38;pa010​;20250411_094227;1;TUG2;0,0392;1,4464;0,1474;-0,2480;-0,0859;0,0533;-0,9635;;False
719,89;60.4;pa010​;20250411_094227;1;TUG2;0,0394;1,4474;0,1475;-0,2456;-0,0860;0,0528;-0,9641;;False
719,90;60.41;pa010​;20250411_094227;1;TUG2;0,0398;1,4485;0,1479;-0,2403;-0,0853;0,0504;-0,9656;;False
719,92;60.43;pa010​;20250411_094227;1;TUG2;0,0392;1,4492;0,1479;-0,2369;-0,0870;0,0496;-0,9663;;False
719,93;60.44;pa010​;20250411_094227;1;TUG2;0,0395;1,4502;0,1479;-0,2366;-0,0850;0,0477;-0,9667;;False
719,95;60.45;pa010​;20250411_094227;1;TUG2;0,0391;1,4505;0,1476;-0,2347;-0,0867;0,0473;-0,9670;;False
719,96;60.47;pa010​;20250411_094227;1;TUG2;0,0394;1,4510;0,1476;-0,2334;-0,0855;0,0456;-0,9675;;False
719,97;60.48;pa010​;20250411_094227;1;TUG2;0,0396;1,4515;0,1475;-0,2322;-0,0858;0,0456;-0,9678;;False
719,99;60.5;pa010​;20250411_094227;1;TUG2;0,0397;1,4518;0,1474;-0,2319;-0,0850;0,0443;-0,9680;;False
720,00;60.51;pa010​;20250411_094227;1;TUG2;0,0396;1,4520;0,1471;-0,2316;-0,0850;0,0427;-0,9681;;False
720,02;60.52;pa010​;20250411_094227;1;TUG2;0,0398;1,4528;0,1470;-0,2311;-0,0857;0,0431;-0,9682;;False
720,03;60.54;pa010​;20250411_094227;1;TUG2;0,0400;1,4540;0,1474;-0,2290;-0,0858;0,0436;-0,9687;;False
720,04;60.55;pa010​;20250411_094227;1;TUG2;0,0401;1,4549;0,1477;-0,2243;-0,0860;0,0430;-0,9698;;False
720,06;60.57;pa010​;20250411_094227;1;TUG2;0,0403;1,4562;0,1477;-0,2195;-0,0856;0,0428;-0,9709;;False
720,07;60.58;pa010​;20250411_094227;1;TUG2;0,0402;1,4573;0,1477;-0,2160;-0,0852;0,0427;-0,9717;;False
720,09;60.59;pa010​;20250411_094227;1;TUG2;0,0400;1,4583;0,1475;-0,2132;-0,0838;0,0427;-0,9725;;False
720,10;60.61;pa010​;20250411_094227;1;TUG2;0,0396;1,4595;0,1476;-0,2107;-0,0823;0,0426;-0,9731;;False
720,11;60.62;pa010​;20250411_094227;1;TUG2;0,0394;1,4608;0,1479;-0,2072;-0,0806;0,0421;-0,9741;;False
720,13;60.64;pa010​;20250411_094227;1;TUG2;0,0393;1,4622;0,1483;-0,2023;-0,0790;0,0410;-0,9753;;False
720,14;60.65;pa010​;20250411_094227;1;TUG2;0,0392;1,4637;0,1486;-0,1980;-0,0773;0,0400;-0,9763;;False
720,15;60.66;pa010​;20250411_094227;1;TUG2;0,0390;1,4653;0,1490;-0,1931;-0,0764;0,0389;-0,9774;;False
720,17;60.68;pa010​;20250411_094227;1;TUG2;0,0389;1,4668;0,1493;-0,1873;-0,0754;0,0381;-0,9787;;False
720,18;60.69;pa010​;20250411_094227;1;TUG2;0,0390;1,4684;0,1498;-0,1816;-0,0747;0,0380;-0,9798;;False
720,20;60.71;pa010​;20250411_094227;1;TUG2;0,0391;1,4696;0,1499;-0,1763;-0,0736;0,0377;-0,9809;;False
720,21;60.72;pa010​;20250411_094227;1;TUG2;0,0392;1,4708;0,1499;-0,1733;-0,0727;0,0381;-0,9814;;False
720,22;60.73;pa010​;20250411_094227;1;TUG2;0,0392;1,4721;0,1500;-0,1701;-0,0720;0,0388;-0,9820;;False
720,24;60.75;pa010​;20250411_094227;1;TUG2;0,0393;1,4738;0,1503;-0,1660;-0,0712;0,0393;-0,9828;;False
720,25;60.76;pa010​;20250411_094227;1;TUG2;0,0395;1,4755;0,1507;-0,1603;-0,0703;0,0393;-0,9838;;False
720,27;60.77;pa010​;20250411_094227;1;TUG2;0,0396;1,4773;0,1510;-0,1530;-0,0706;0,0388;-0,9849;;False
720,28;60.79;pa010​;20250411_094227;1;TUG2;0,0398;1,4789;0,1511;-0,1470;-0,0707;0,0383;-0,9859;;False
720,29;60.8;pa010​;20250411_094227;1;TUG2;0,0398;1,4804;0,1510;-0,1419;-0,0709;0,0373;-0,9866;;False
720,31;60.82;pa010​;20250411_094227;1;TUG2;0,0394;1,4820;0,1510;-0,1373;-0,0709;0,0358;-0,9873;;False
720,32;60.83;pa010​;20250411_094227;1;TUG2;0,0392;1,4836;0,1512;-0,1328;-0,0703;0,0351;-0,9880;;False
720,34;60.84;pa010​;20250411_094227;1;TUG2;0,0388;1,4849;0,1514;-0,1280;-0,0700;0,0339;-0,9887;;False
720,35;60.86;pa010​;20250411_094227;1;TUG2;0,0386;1,4862;0,1515;-0,1239;-0,0689;0,0334;-0,9893;;False
720,37;60.87;pa010​;20250411_094227;1;TUG2;0,0382;1,4872;0,1518;-0,1201;-0,0681;0,0331;-0,9899;;False
720,38;60.89;pa010​;20250411_094227;1;TUG2;0,0379;1,4882;0,1520;-0,1168;-0,0668;0,0331;-0,9904;;False
720,39;60.9;pa010​;20250411_094227;1;TUG2;0,0376;1,4890;0,1524;-0,1134;-0,0650;0,0331;-0,9909;;False
720,40;60.91;pa010​;20250411_094227;1;TUG2;0,0373;1,4898;0,1528;-0,1106;-0,0637;0,0335;-0,9913;;False
720,42;60.93;pa010​;20250411_094227;1;TUG2;0,0373;1,4904;0,1534;-0,1082;-0,0627;0,0338;-0,9916;;False
720,43;60.94;pa010​;20250411_094227;1;TUG2;0,0375;1,4908;0,1540;-0,1064;-0,0623;0,0337;-0,9918;;False
720,45;60.95;pa010​;20250411_094227;1;TUG2;0,0378;1,4911;0,1547;-0,1045;-0,0618;0,0332;-0,9920;;False
720,46;60.97;pa010​;20250411_094227;1;TUG2;0,0382;1,4912;0,1556;-0,1032;-0,0606;0,0321;-0,9923;;False
720,47;60.98;pa010​;20250411_094227;1;TUG2;0,0386;1,4912;0,1566;-0,1025;-0,0593;0,0318;-0,9925;;False
720,49;61.0;pa010​;20250411_094227;1;TUG2;0,0391;1,4910;0,1576;-0,1034;-0,0582;0,0327;-0,9924;;False
720,50;61.01;pa010​;20250411_094227;1;TUG2;0,0397;1,4907;0,1587;-0,1049;-0,0580;0,0340;-0,9922;;False
720,52;61.02;pa010​;20250411_094227;1;TUG2;0,0404;1,4900;0,1598;-0,1078;-0,0589;0,0358;-0,9918;;False
720,53;61.04;pa010​;20250411_094227;1;TUG2;0,0413;1,4892;0,1608;-0,1116;-0,0609;0,0369;-0,9912;;False
720,54;61.05;pa010​;20250411_094227;1;TUG2;0,0420;1,4885;0,1620;-0,1153;-0,0640;0,0368;-0,9906;;False
720,56;61.07;pa010​;20250411_094227;1;TUG2;0,0428;1,4878;0,1634;-0,1178;-0,0673;0,0360;-0,9901;;False
720,57;61.08;pa010​;20250411_094227;1;TUG2;0,0435;1,4873;0,1648;-0,1200;-0,0705;0,0349;-0,9897;;False
720,59;61.09;pa010​;20250411_094227;1;TUG2;0,0438;1,4869;0,1661;-0,1217;-0,0733;0,0341;-0,9893;;False
720,60;61.11;pa010​;20250411_094227;1;TUG2;0,0441;1,4864;0,1674;-0,1229;-0,0743;0,0333;-0,9891;;False
720,61;61.12;pa010​;20250411_094227;1;TUG2;0,0442;1,4861;0,1686;-0,1243;-0,0751;0,0332;-0,9888;;False
720,63;61.14;pa010​;20250411_094227;1;TUG2;0,0443;1,4857;0,1697;-0,1253;-0,0747;0,0339;-0,9887;;False
720,64;61.15;pa010​;20250411_094227;1;TUG2;0,0443;1,4855;0,1707;-0,1260;-0,0743;0,0345;-0,9886;;False
720,66;61.16;pa010​;20250411_094227;1;TUG2;0,0443;1,4853;0,1714;-0,1260;-0,0731;0,0353;-0,9887;;False
720,67;61.18;pa010​;20250411_094227;1;TUG2;0,0442;1,4852;0,1719;-0,1266;-0,0725;0,0363;-0,9886;;False
720,68;61.19;pa010​;20250411_094227;1;TUG2;0,0441;1,4852;0,1722;-0,1274;-0,0719;0,0374;-0,9885;;False
720,70;61.21;pa010​;20250411_094227;1;TUG2;0,0440;1,4853;0,1724;-0,1277;-0,0715;0,0381;-0,9885;;False
720,71;61.22;pa010​;20250411_094227;1;TUG2;0,0439;1,4855;0,1725;-0,1270;-0,0711;0,0386;-0,9886;;False
720,72;61.23;pa010​;20250411_094227;1;TUG2;0,0436;1,4857;0,1726;-0,1262;-0,0706;0,0389;-0,9887;;False
720,74;61.25;pa010​;20250411_094227;1;TUG2;0,0434;1,4857;0,1729;-0,1254;-0,0698;0,0385;-0,9889;;False
720,75;61.26;pa010​;20250411_094227;1;TUG2;0,0431;1,4860;0,1727;-0,1245;-0,0692;0,0385;-0,9891;;False
720,77;61.28;pa010​;20250411_094227;1;TUG2;0,0428;1,4868;0,1721;-0,1230;-0,0683;0,0383;-0,9893;;False
720,78;61.29;pa010​;20250411_094227;1;TUG2;0,0424;1,4872;0,1719;-0,1208;-0,0675;0,0378;-0,9897;;False
720,79;61.3;pa010​;20250411_094227;1;TUG2;0,0421;1,4876;0,1715;-0,1187;-0,0664;0,0373;-0,9900;;False
720,81;61.32;pa010​;20250411_094227;1;TUG2;0,0419;1,4879;0,1711;-0,1169;-0,0653;0,0372;-0,9903;;False
720,82;61.33;pa010​;20250411_094227;1;TUG2;0,0417;1,4882;0,1706;-0,1154;-0,0647;0,0374;-0,9905;;False
720,84;61.35;pa010​;20250411_094227;1;TUG2;0,0417;1,4884;0,1700;-0,1147;-0,0641;0,0377;-0,9906;;False
720,85;61.36;pa010​;20250411_094227;1;TUG2;0,0416;1,4887;0,1695;-0,1137;-0,0639;0,0375;-0,9907;;False
720,86;61.37;pa010​;20250411_094227;1;TUG2;0,0415;1,4890;0,1690;-0,1123;-0,0637;0,0373;-0,9909;;False
720,88;61.39;pa010​;20250411_094227;1;TUG2;0,0414;1,4893;0,1684;-0,1109;-0,0637;0,0367;-0,9911;;False
720,89;61.4;pa010​;20250411_094227;1;TUG2;0,0414;1,4897;0,1677;-0,1098;-0,0638;0,0362;-0,9912;;False
720,91;61.42;pa010​;20250411_094227;1;TUG2;0,0414;1,4901;0,1671;-0,1093;-0,0634;0,0357;-0,9913;;False
720,92;61.43;pa010​;20250411_094227;1;TUG2;0,0413;1,4905;0,1664;-0,1082;-0,0633;0,0354;-0,9915;;False
720,93;61.44;pa010​;20250411_094227;1;TUG2;0,0412;1,4909;0,1658;-0,1072;-0,0628;0,0351;-0,9916;;False
720,95;61.45;pa010​;20250411_094227;1;TUG2;0,0413;1,4912;0,1653;-0,1066;-0,0622;0,0350;-0,9917;;False
720,96;61.47;pa010​;20250411_094227;1;TUG2;0,0415;1,4917;0,1651;-0,1064;-0,0613;0,0353;-0,9918;;False
720,97;61.48;pa010​;20250411_094227;1;TUG2;0,0416;1,4918;0,1651;-0,1052;-0,0608;0,0364;-0,9919;;False
720,99;61.5;pa010​;20250411_094227;1;TUG2;0,0418;1,4917;0,1649;-0,1047;-0,0603;0,0378;-0,9920;;False
721,00;61.51;pa010​;20250411_094227;1;TUG2;0,0420;1,4915;0,1650;-0,1056;-0,0597;0,0388;-0,9919;;False
721,02;61.52;pa010​;20250411_094227;1;TUG2;0,0422;1,4917;0,1649;-0,1065;-0,0594;0,0398;-0,9917;;False
721,03;61.54;pa010​;20250411_094227;1;TUG2;0,0429;1,4912;0,1663;-0,1081;-0,0595;0,0407;-0,9915;;False
721,04;61.55;pa010​;20250411_094227;1;TUG2;0,0434;1,4910;0,1675;-0,1103;-0,0599;0,0415;-0,9912;;False
721,06;61.57;pa010​;20250411_094227;1;TUG2;0,0442;1,4908;0,1693;-0,1107;-0,0607;0,0414;-0,9911;;False
721,07;61.58;pa010​;20250411_094227;1;TUG2;0,0448;1,4902;0,1712;-0,1101;-0,0616;0,0410;-0,9912;;False
721,09;61.6;pa010​;20250411_094227;1;TUG2;0,0454;1,4893;0,1729;-0,1104;-0,0619;0,0400;-0,9911;;False
721,10;61.61;pa010​;20250411_094227;1;TUG2;0,0460;1,4884;0,1752;-0,1126;-0,0622;0,0393;-0,9909;;False
721,11;61.62;pa010​;20250411_094227;1;TUG2;0,0466;1,4873;0,1778;-0,1142;-0,0627;0,0393;-0,9907;;False
721,13;61.64;pa010​;20250411_094227;1;TUG2;0,0472;1,4858;0,1809;-0,1158;-0,0630;0,0397;-0,9905;;False
721,14;61.65;pa010​;20250411_094227;1;TUG2;0,0478;1,4839;0,1839;-0,1185;-0,0632;0,0401;-0,9901;;False
721,16;61.66;pa010​;20250411_094227;1;TUG2;0,0484;1,4816;0,1872;-0,1237;-0,0635;0,0409;-0,9894;;False
721,17;61.68;pa010​;20250411_094227;1;TUG2;0,0490;1,4789;0,1905;-0,1293;-0,0641;0,0421;-0,9886;;False
721,18;61.69;pa010​;20250411_094227;1;TUG2;0,0495;1,4762;0,1941;-0,1370;-0,0645;0,0434;-0,9875;;False
721,20;61.71;pa010​;20250411_094227;1;TUG2;0,0501;1,4733;0,1979;-0,1438;-0,0645;0,0437;-0,9865;;False
721,21;61.72;pa010​;20250411_094227;1;TUG2;0,0508;1,4703;0,2021;-0,1499;-0,0644;0,0440;-0,9856;;False
721,22;61.73;pa010​;20250411_094227;1;TUG2;0,0513;1,4671;0,2064;-0,1552;-0,0646;0,0441;-0,9848;;False
721,24;61.75;pa010​;20250411_094227;1;TUG2;0,0520;1,4634;0,2108;-0,1605;-0,0644;0,0445;-0,9839;;False
721,25;61.76;pa010​;20250411_094227;1;TUG2;0,0528;1,4590;0,2152;-0,1648;-0,0653;0,0450;-0,9831;;False
721,27;61.78;pa010​;20250411_094227;1;TUG2;0,0539;1,4544;0,2200;-0,1681;-0,0661;0,0454;-0,9825;;False
721,28;61.79;pa010​;20250411_094227;1;TUG2;0,0549;1,4494;0,2253;-0,1695;-0,0672;0,0451;-0,9822;;False
721,30;61.8;pa010​;20250411_094227;1;TUG2;0,0558;1,4436;0,2307;-0,1693;-0,0688;0,0448;-0,9821;;False
721,31;61.82;pa010​;20250411_094227;1;TUG2;0,0568;1,4372;0,2362;-0,1702;-0,0690;0,0444;-0,9820;;False
721,32;61.83;pa010​;20250411_094227;1;TUG2;0,0578;1,4301;0,2416;-0,1719;-0,0690;0,0438;-0,9817;;False
721,34;61.85;pa010​;20250411_094227;1;TUG2;0,0584;1,4225;0,2467;-0,1745;-0,0706;0,0442;-0,9811;;False
721,35;61.86;pa010​;20250411_094227;1;TUG2;0,0596;1,4150;0,2514;-0,1791;-0,0699;0,0454;-0,9803;;False
721,36;61.87;pa010​;20250411_094227;1;TUG2;0,0608;1,4076;0,2566;-0,1811;-0,0720;0,0464;-0,9797;;False
721,38;61.89;pa010​;20250411_094227;1;TUG2;0,0620;1,4002;0,2616;-0,1808;-0,0750;0,0465;-0,9795;;False
721,39;61.9;pa010​;20250411_094227;1;TUG2;0,0630;1,3925;0,2663;-0,1811;-0,0776;0,0459;-0,9793;;False
721,41;61.91;pa010​;20250411_094227;1;TUG2;0,0640;1,3846;0,2708;-0,1834;-0,0793;0,0447;-0,9788;;False
721,42;61.93;pa010​;20250411_094227;1;TUG2;0,0649;1,3764;0,2753;-0,1870;-0,0817;0,0446;-0,9779;;False
721,44;61.94;pa010​;20250411_094227;1;TUG2;0,0657;1,3677;0,2799;-0,1896;-0,0831;0,0441;-0,9773;;False
721,45;61.96;pa010​;20250411_094227;1;TUG2;0,0665;1,3588;0,2846;-0,1898;-0,0846;0,0440;-0,9772;;False
721,46;61.97;pa010​;20250411_094227;1;TUG2;0,0673;1,3492;0,2894;-0,1873;-0,0856;0,0439;-0,9776;;False
721,47;61.98;pa010​;20250411_094227;1;TUG2;0,0679;1,3391;0,2937;-0,1858;-0,0867;0,0444;-0,9777;;False
721,49;62.0;pa010​;20250411_094227;1;TUG2;0,0683;1,3286;0,2977;-0,1869;-0,0868;0,0436;-0,9776;;False
721,50;62.01;pa010​;20250411_094227;1;TUG2;0,0687;1,3179;0,3015;-0,1906;-0,0864;0,0428;-0,9769;;False
721,52;62.03;pa010​;20250411_094227;1;TUG2;0,0691;1,3070;0,3049;-0,1948;-0,0872;0,0435;-0,9760;;False
721,53;62.04;pa010​;20250411_094227;1;TUG2;0,0696;1,2966;0,3081;-0,1996;-0,0887;0,0436;-0,9749;;False
721,54;62.05;pa010​;20250411_094227;1;TUG2;0,0701;1,2867;0,3114;-0,2021;-0,0904;0,0430;-0,9742;;False
721,56;62.07;pa010​;20250411_094227;1;TUG2;0,0705;1,2771;0,3147;-0,2018;-0,0906;0,0420;-0,9743;;False
721,57;62.08;pa010​;20250411_094227;1;TUG2;0,0707;1,2675;0,3179;-0,1997;-0,0899;0,0415;-0,9748;;False
721,59;62.1;pa010​;20250411_094227;1;TUG2;0,0711;1,2577;0,3206;-0,1969;-0,0894;0,0423;-0,9754;;False
721,60;62.11;pa010​;20250411_094227;1;TUG2;0,0715;1,2475;0,3230;-0,1939;-0,0894;0,0434;-0,9760;;False
721,61;62.12;pa010​;20250411_094227;1;TUG2;0,0719;1,2371;0,3254;-0,1911;-0,0897;0,0437;-0,9765;;False
721,63;62.14;pa010​;20250411_094227;1;TUG2;0,0723;1,2264;0,3276;-0,1881;-0,0906;0,0426;-0,9770;;False
721,64;62.15;pa010​;20250411_094227;1;TUG2;0,0725;1,2156;0,3294;-0,1866;-0,0911;0,0408;-0,9774;;False
721,66;62.17;pa010​;20250411_094227;1;TUG2;0,0724;1,2051;0,3309;-0,1876;-0,0906;0,0397;-0,9772;;False
721,67;62.18;pa010​;20250411_094227;1;TUG2;0,0721;1,1947;0,3321;-0,1897;-0,0893;0,0399;-0,9770;;False
721,68;62.19;pa010​;20250411_094227;1;TUG2;0,0718;1,1846;0,3331;-0,1921;-0,0884;0,0417;-0,9765;;False
721,70;62.21;pa010​;20250411_094227;1;TUG2;0,0714;1,1750;0,3339;-0,1946;-0,0875;0,0436;-0,9760;;False
721,71;62.22;pa010​;20250411_094227;1;TUG2;0,0711;1,1656;0,3348;-0,1954;-0,0870;0,0447;-0,9758;;False
721,73;62.23;pa010​;20250411_094227;1;TUG2;0,0707;1,1567;0,3356;-0,1947;-0,0866;0,0445;-0,9760;;False
721,74;62.25;pa010​;20250411_094227;1;TUG2;0,0704;1,1479;0,3362;-0,1932;-0,0867;0,0439;-0,9763;;False
721,75;62.26;pa010​;20250411_094227;1;TUG2;0,0700;1,1392;0,3362;-0,1914;-0,0864;0,0428;-0,9768;;False
721,77;62.28;pa010​;20250411_094227;1;TUG2;0,0697;1,1306;0,3360;-0,1908;-0,0854;0,0413;-0,9770;;False
721,78;62.29;pa010​;20250411_094227;1;TUG2;0,0692;1,1223;0,3357;-0,1914;-0,0850;0,0415;-0,9769;;False
721,80;62.3;pa010​;20250411_094227;1;TUG2;0,0687;1,1144;0,3355;-0,1914;-0,0839;0,0422;-0,9770;;False
721,81;62.32;pa010​;20250411_094227;1;TUG2;0,0684;1,1067;0,3354;-0,1899;-0,0828;0,0429;-0,9774;;False
721,82;62.33;pa010​;20250411_094227;1;TUG2;0,0681;1,0992;0,3351;-0,1868;-0,0822;0,0445;-0,9779;;False
721,84;62.35;pa010​;20250411_094227;1;TUG2;0,0677;1,0919;0,3345;-0,1846;-0,0827;0,0461;-0,9782;;False
721,85;62.36;pa010​;20250411_094227;1;TUG2;0,0673;1,0849;0,3337;-0,1835;-0,0833;0,0466;-0,9784;;False
721,86;62.37;pa010​;20250411_094227;1;TUG2;0,0668;1,0781;0,3329;-0,1823;-0,0832;0,0463;-0,9786;;False
721,88;62.39;pa010​;20250411_094227;1;TUG2;0,0663;1,0716;0,3322;-0,1823;-0,0832;0,0461;-0,9786;;False
721,89;62.4;pa010​;20250411_094227;1;TUG2;0,0656;1,0652;0,3313;-0,1819;-0,0834;0,0462;-0,9787;;False
721,91;62.42;pa010​;20250411_094227;1;TUG2;0,0647;1,0591;0,3302;-0,1811;-0,0831;0,0461;-0,9789;;False
721,92;62.43;pa010​;20250411_094227;1;TUG2;0,0637;1,0532;0,3289;-0,1806;-0,0816;0,0458;-0,9791;;False
721,93;62.44;pa010​;20250411_094227;1;TUG2;0,0628;1,0478;0,3277;-0,1813;-0,0793;0,0450;-0,9792;;False
721,95;62.46;pa010​;20250411_094227;1;TUG2;0,0620;1,0427;0,3262;-0,1810;-0,0777;0,0450;-0,9794;;False
721,96;62.47;pa010​;20250411_094227;1;TUG2;0,0614;1,0382;0,3247;-0,1811;-0,0769;0,0459;-0,9794;;False
721,98;62.48;pa010​;20250411_094227;1;TUG2;0,0608;1,0341;0,3231;-0,1801;-0,0761;0,0474;-0,9795;;False
721,99;62.5;pa010​;20250411_094227;1;TUG2;0,0601;1,0304;0,3215;-0,1787;-0,0751;0,0493;-0,9798;;False
722,00;62.51;pa010​;20250411_094227;1;TUG2;0,0593;1,0270;0,3196;-0,1773;-0,0747;0,0521;-0,9799;;False
722,02;62.53;pa010​;20250411_094227;1;TUG2;0,0585;1,0240;0,3176;-0,1759;-0,0739;0,0530;-0,9802;;False
722,03;62.54;pa010​;20250411_094227;1;TUG2;0,0576;1,0214;0,3156;-0,1744;-0,0733;0,0520;-0,9806;;False
722,05;62.55;pa010​;20250411_094227;1;TUG2;0,0567;1,0190;0,3136;-0,1720;-0,0729;0,0509;-0,9811;;False
722,06;62.57;pa010​;20250411_094227;1;TUG2;0,0557;1,0167;0,3114;-0,1703;-0,0719;0,0494;-0,9815;;False
722,07;62.58;pa010​;20250411_094227;1;TUG2;0,0546;1,0148;0,3091;-0,1700;-0,0700;0,0487;-0,9818;;False
722,09;62.6;pa010​;20250411_094227;1;TUG2;0,0534;1,0132;0,3068;-0,1700;-0,0677;0,0492;-0,9819;;False
722,10;62.61;pa010​;20250411_094227;1;TUG2;0,0527;1,0122;0,3047;-0,1700;-0,0649;0,0497;-0,9821;;False
722,11;62.62;pa010​;20250411_094227;1;TUG2;0,0521;1,0115;0,3027;-0,1683;-0,0636;0,0509;-0,9824;;False
722,13;62.64;pa010​;20250411_094227;1;TUG2;0,0518;1,0110;0,3005;-0,1664;-0,0642;0,0527;-0,9825;;False
722,14;62.65;pa010​;20250411_094227;1;TUG2;0,0513;1,0108;0,2979;-0,1655;-0,0658;0,0534;-0,9826;;False
722,16;62.66;pa010​;20250411_094227;1;TUG2;0,0508;1,0108;0,2953;-0,1658;-0,0667;0,0530;-0,9825;;False
722,17;62.68;pa010​;20250411_094227;1;TUG2;0,0500;1,0112;0,2927;-0,1664;-0,0673;0,0524;-0,9824;;False
722,18;62.69;pa010​;20250411_094227;1;TUG2;0,0491;1,0118;0,2900;-0,1659;-0,0674;0,0517;-0,9825;;False
722,20;62.71;pa010​;20250411_094227;1;TUG2;0,0480;1,0124;0,2871;-0,1643;-0,0669;0,0511;-0,9828;;False
722,21;62.72;pa010​;20250411_094227;1;TUG2;0,0468;1,0133;0,2839;-0,1640;-0,0655;0,0501;-0,9830;;False
722,23;62.73;pa010​;20250411_094227;1;TUG2;0,0458;1,0146;0,2805;-0,1639;-0,0635;0,0491;-0,9832;;False
722,24;62.75;pa010​;20250411_094227;1;TUG2;0,0450;1,0163;0,2771;-0,1625;-0,0618;0,0494;-0,9835;;False
722,25;62.76;pa010​;20250411_094227;1;TUG2;0,0444;1,0181;0,2735;-0,1598;-0,0602;0,0501;-0,9840;;False
722,27;62.78;pa010​;20250411_094227;1;TUG2;0,0438;1,0200;0,2695;-0,1572;-0,0588;0,0514;-0,9845;;False
722,28;62.79;pa010​;20250411_094227;1;TUG2;0,0432;1,0219;0,2652;-0,1553;-0,0583;0,0538;-0,9847;;False
722,29;62.8;pa010​;20250411_094227;1;TUG2;0,0425;1,0238;0,2607;-0,1530;-0,0578;0,0561;-0,9849;;False
722,31;62.82;pa010​;20250411_094227;1;TUG2;0,0420;1,0258;0,2560;-0,1499;-0,0573;0,0565;-0,9854;;False
722,32;62.83;pa010​;20250411_094227;1;TUG2;0,0414;1,0276;0,2509;-0,1472;-0,0583;0,0563;-0,9858;;False
722,34;62.85;pa010​;20250411_094227;1;TUG2;0,0408;1,0295;0,2457;-0,1454;-0,0597;0,0555;-0,9860;;False
722,35;62.86;pa010​;20250411_094227;1;TUG2;0,0402;1,0313;0,2404;-0,1438;-0,0608;0,0541;-0,9863;;False
722,36;62.87;pa010​;20250411_094227;1;TUG2;0,0395;1,0330;0,2347;-0,1429;-0,0617;0,0530;-0,9864;;False
722,38;62.89;pa010​;20250411_094227;1;TUG2;0,0385;1,0351;0,2289;-0,1425;-0,0621;0,0518;-0,9865;;False
722,39;62.9;pa010​;20250411_094227;1;TUG2;0,0374;1,0374;0,2230;-0,1412;-0,0611;0,0513;-0,9868;;False
722,41;62.91;pa010​;20250411_094227;1;TUG2;0,0365;1,0398;0,2169;-0,1387;-0,0602;0,0517;-0,9872;;False
722,42;62.93;pa010​;20250411_094227;1;TUG2;0,0355;1,0424;0,2106;-0,1356;-0,0594;0,0526;-0,9876;;False
722,43;62.94;pa010​;20250411_094227;1;TUG2;0,0347;1,0451;0,2039;-0,1317;-0,0591;0,0536;-0,9881;;False
722,45;62.96;pa010​;20250411_094227;1;TUG2;0,0341;1,0478;0,1970;-0,1277;-0,0597;0,0541;-0,9885;;False
722,46;62.97;pa010​;20250411_094227;1;TUG2;0,0334;1,0505;0,1898;-0,1240;-0,0610;0,0544;-0,9889;;False
722,48;62.98;pa010​;20250411_094227;1;TUG2;0,0326;1,0532;0,1824;-0,1214;-0,0627;0,0545;-0,9891;;False
722,49;63.0;pa010​;20250411_094227;1;TUG2;0,0316;1,0559;0,1747;-0,1191;-0,0642;0,0537;-0,9894;;False
722,50;63.01;pa010​;20250411_094227;1;TUG2;0,0304;1,0588;0,1671;-0,1164;-0,0653;0,0523;-0,9897;;False
722,52;63.03;pa010​;20250411_094227;1;TUG2;0,0291;1,0619;0,1596;-0,1130;-0,0663;0,0505;-0,9901;;False
722,53;63.04;pa010​;20250411_094227;1;TUG2;0,0277;1,0650;0,1520;-0,1090;-0,0666;0,0482;-0,9906;;False
722,54;63.05;pa010​;20250411_094227;1;TUG2;0,0263;1,0680;0,1442;-0,1056;-0,0673;0,0462;-0,9911;;False
722,56;63.07;pa010​;20250411_094227;1;TUG2;0,0249;1,0711;0,1365;-0,1025;-0,0682;0,0443;-0,9914;;False
722,57;63.08;pa010​;20250411_094227;1;TUG2;0,0237;1,0742;0,1287;-0,0991;-0,0686;0,0426;-0,9918;;False
722,59;63.09;pa010​;20250411_094227;1;TUG2;0,0222;1,0772;0,1208;-0,0957;-0,0695;0,0416;-0,9921;;False
722,60;63.11;pa010​;20250411_094227;1;TUG2;0,0209;1,0801;0,1129;-0,0933;-0,0699;0,0407;-0,9923;;False
722,61;63.12;pa010​;20250411_094227;1;TUG2;0,0196;1,0828;0,1047;-0,0906;-0,0703;0,0399;-0,9926;;False
722,63;63.14;pa010​;20250411_094227;1;TUG2;0,0184;1,0857;0,0967;-0,0878;-0,0707;0,0388;-0,9929;;False
722,64;63.15;pa010​;20250411_094227;1;TUG2;0,0174;1,0886;0,0888;-0,0836;-0,0715;0,0383;-0,9932;;False
722,66;63.17;pa010​;20250411_094227;1;TUG2;0,0165;1,0915;0,0811;-0,0803;-0,0722;0,0374;-0,9934;;False
722,67;63.18;pa010​;20250411_094227;1;TUG2;0,0154;1,0942;0,0734;-0,0778;-0,0735;0,0365;-0,9936;;False
722,68;63.19;pa010​;20250411_094227;1;TUG2;0,0145;1,0964;0,0659;-0,0759;-0,0743;0,0357;-0,9937;;False
722,70;63.21;pa010​;20250411_094227;1;TUG2;0,0134;1,0985;0,0584;-0,0757;-0,0745;0,0355;-0,9937;;False
722,71;63.22;pa010​;20250411_094227;1;TUG2;0,0123;1,1005;0,0508;-0,0755;-0,0744;0,0353;-0,9937;;False
722,73;63.23;pa010​;20250411_094227;1;TUG2;0,0113;1,1027;0,0433;-0,0743;-0,0742;0,0347;-0,9939;;False
722,74;63.25;pa010​;20250411_094227;1;TUG2;0,0103;1,1051;0,0361;-0,0721;-0,0746;0,0340;-0,9940;;False
722,75;63.26;pa010​;20250411_094227;1;TUG2;0,0094;1,1071;0,0288;-0,0691;-0,0749;0,0337;-0,9942;;False
722,77;63.28;pa010​;20250411_094227;1;TUG2;0,0084;1,1089;0,0214;-0,0676;-0,0749;0,0333;-0,9943;;False
722,78;63.29;pa010​;20250411_094227;1;TUG2;0,0074;1,1106;0,0142;-0,0671;-0,0748;0,0331;-0,9944;;False
722,80;63.31;pa010​;20250411_094227;1;TUG2;0,0064;1,1126;0,0070;-0,0665;-0,0748;0,0328;-0,9944;;False
722,81;63.32;pa010​;20250411_094227;1;TUG2;0,0055;1,1147;-0,0001;-0,0645;-0,0749;0,0324;-0,9946;;False
722,82;63.33;pa010​;20250411_094227;1;TUG2;0,0048;1,1168;-0,0071;-0,0607;-0,0751;0,0318;-0,9948;;False
722,84;63.35;pa010​;20250411_094227;1;TUG2;0,0041;1,1187;-0,0141;-0,0574;-0,0755;0,0315;-0,9950;;False
722,85;63.36;pa010​;20250411_094227;1;TUG2;0,0034;1,1202;-0,0211;-0,0558;-0,0764;0,0319;-0,9950;;False
722,86;63.37;pa010​;20250411_094227;1;TUG2;0,0026;1,1215;-0,0278;-0,0556;-0,0767;0,0321;-0,9950;;False
722,88;63.39;pa010​;20250411_094227;1;TUG2;0,0019;1,1227;-0,0341;-0,0561;-0,0767;0,0321;-0,9950;;False
722,89;63.4;pa010​;20250411_094227;1;TUG2;0,0012;1,1235;-0,0401;-0,0563;-0,0763;0,0322;-0,9950;;False
722,91;63.42;pa010​;20250411_094227;1;TUG2;0,0005;1,1240;-0,0458;-0,0562;-0,0755;0,0321;-0,9950;;False
722,92;63.43;pa010​;20250411_094227;1;TUG2;-0,0003;1,1247;-0,0512;-0,0557;-0,0747;0,0323;-0,9951;;False
722,93;63.44;pa010​;20250411_094227;1;TUG2;-0,0009;1,1253;-0,0566;-0,0556;-0,0745;0,0330;-0,9951;;False
722,95;63.46;pa010​;20250411_094227;1;TUG2;-0,0015;1,1263;-0,0620;-0,0566;-0,0749;0,0331;-0,9950;;False
722,96;63.47;pa010​;20250411_094227;1;TUG2;-0,0020;1,1273;-0,0672;-0,0563;-0,0751;0,0327;-0,9950;;False
722,98;63.48;pa010​;20250411_094227;1;TUG2;-0,0025;1,1283;-0,0722;-0,0559;-0,0762;0,0317;-0,9950;;False
722,99;63.5;pa010​;20250411_094227;1;TUG2;-0,0030;1,1291;-0,0771;-0,0558;-0,0769;0,0310;-0,9950;;False
723,00;63.51;pa010​;20250411_094227;1;TUG2;-0,0036;1,1300;-0,0819;-0,0559;-0,0775;0,0303;-0,9950;;False
723,02;63.53;pa010​;20250411_094227;1;TUG2;-0,0043;1,1309;-0,0867;-0,0558;-0,0774;0,0296;-0,9950;;False
723,03;63.54;pa010​;20250411_094227;1;TUG2;-0,0049;1,1319;-0,0913;-0,0561;-0,0768;0,0291;-0,9950;;False
723,04;63.55;pa010​;20250411_094227;1;TUG2;-0,0056;1,1327;-0,0958;-0,0555;-0,0762;0,0292;-0,9951;;False
723,06;63.57;pa010​;20250411_094227;1;TUG2;-0,0064;1,1339;-0,1006;-0,0541;-0,0755;0,0300;-0,9952;;False
723,07;63.58;pa010​;20250411_094227;1;TUG2;-0,0071;1,1353;-0,1050;-0,0523;-0,0743;0,0306;-0,9954;;False
723,09;63.6;pa010​;20250411_094227;1;TUG2;-0,0077;1,1365;-0,1095;-0,0497;-0,0731;0,0311;-0,9956;;False
723,10;63.61;pa010​;20250411_094227;1;TUG2;-0,0085;1,1375;-0,1139;-0,0475;-0,0722;0,0318;-0,9957;;False
723,11;63.62;pa010​;20250411_094227;1;TUG2;-0,0093;1,1385;-0,1183;-0,0463;-0,0712;0,0324;-0,9959;;False
723,13;63.64;pa010​;20250411_094227;1;TUG2;-0,0100;1,1392;-0,1226;-0,0460;-0,0700;0,0323;-0,9960;;False
723,14;63.65;pa010​;20250411_094227;1;TUG2;-0,0108;1,1397;-0,1268;-0,0467;-0,0694;0,0323;-0,9960;;False
723,16;63.67;pa010​;20250411_094227;1;TUG2;-0,0117;1,1400;-0,1312;-0,0488;-0,0685;0,0317;-0,9960;;False
723,17;63.68;pa010​;20250411_094227;1;TUG2;-0,0126;1,1407;-0,1354;-0,0500;-0,0683;0,0307;-0,9959;;False
723,18;63.69;pa010​;20250411_094227;1;TUG2;-0,0134;1,1415;-0,1394;-0,0486;-0,0686;0,0297;-0,9960;;False
723,20;63.71;pa010​;20250411_094227;1;TUG2;-0,0140;1,1421;-0,1433;-0,0461;-0,0692;0,0290;-0,9961;;False
723,21;63.72;pa010​;20250411_094227;1;TUG2;-0,0148;1,1425;-0,1472;-0,0454;-0,0703;0,0293;-0,9961;;False
723,23;63.74;pa010​;20250411_094227;1;TUG2;-0,0156;1,1427;-0,1510;-0,0453;-0,0706;0,0295;-0,9960;;False
723,24;63.75;pa010​;20250411_094227;1;TUG2;-0,0164;1,1429;-0,1547;-0,0461;-0,0703;0,0293;-0,9960;;False
723,25;63.76;pa010​;20250411_094227;1;TUG2;-0,0173;1,1432;-0,1585;-0,0476;-0,0698;0,0297;-0,9960;;False
723,27;63.78;pa010​;20250411_094227;1;TUG2;-0,0182;1,1442;-0,1622;-0,0486;-0,0685;0,0297;-0,9960;;False
723,28;63.79;pa010​;20250411_094227;1;TUG2;-0,0191;1,1457;-0,1659;-0,0475;-0,0673;0,0298;-0,9962;;False
723,30;63.8;pa010​;20250411_094227;1;TUG2;-0,0201;1,1471;-0,1697;-0,0453;-0,0659;0,0300;-0,9963;;False
723,31;63.82;pa010​;20250411_094227;1;TUG2;-0,0211;1,1487;-0,1735;-0,0434;-0,0645;0,0304;-0,9965;;False
723,32;63.83;pa010​;20250411_094227;1;TUG2;-0,0221;1,1503;-0,1773;-0,0414;-0,0634;0,0311;-0,9966;;False
723,34;63.85;pa010​;20250411_094227;1;TUG2;-0,0230;1,1518;-0,1810;-0,0399;-0,0624;0,0317;-0,9967;;False
723,35;63.86;pa010​;20250411_094227;1;TUG2;-0,0239;1,1530;-0,1846;-0,0387;-0,0617;0,0324;-0,9968;;False
723,36;63.87;pa010​;20250411_094227;1;TUG2;-0,0247;1,1539;-0,1881;-0,0380;-0,0611;0,0333;-0,9969;;False
723,38;63.89;pa010​;20250411_094227;1;TUG2;-0,0256;1,1546;-0,1916;-0,0382;-0,0607;0,0343;-0,9968;;False
723,39;63.9;pa010​;20250411_094227;1;TUG2;-0,0265;1,1550;-0,1949;-0,0397;-0,0603;0,0351;-0,9968;;False
723,41;63.91;pa010​;20250411_094227;1;TUG2;-0,0274;1,1555;-0,1980;-0,0416;-0,0596;0,0346;-0,9968;;False
723,42;63.93;pa010​;20250411_094227;1;TUG2;-0,0282;1,1565;-0,2009;-0,0412;-0,0593;0,0334;-0,9968;;False
723,43;63.94;pa010​;20250411_094227;1;TUG2;-0,0289;1,1577;-0,2037;-0,0378;-0,0595;0,0329;-0,9970;;False
723,45;63.96;pa010​;20250411_094227;1;TUG2;-0,0298;1,1585;-0,2066;-0,0350;-0,0602;0,0332;-0,9970;;False
723,46;63.97;pa010​;20250411_094227;1;TUG2;-0,0306;1,1591;-0,2096;-0,0344;-0,0607;0,0337;-0,9970;;False
723,48;63.98;pa010​;20250411_094227;1;TUG2;-0,0314;1,1598;-0,2124;-0,0349;-0,0608;0,0333;-0,9970;;False
723,49;64.0;pa010​;20250411_094227;1;TUG2;-0,0322;1,1604;-0,2149;-0,0350;-0,0608;0,0333;-0,9970;;False
723,50;64.01;pa010​;20250411_094227;1;TUG2;-0,0329;1,1609;-0,2173;-0,0354;-0,0607;0,0333;-0,9970;;False
723,52;64.03;pa010​;20250411_094227;1;TUG2;-0,0335;1,1613;-0,2196;-0,0366;-0,0605;0,0331;-0,9969;;False
723,53;64.04;pa010​;20250411_094227;1;TUG2;-0,0342;1,1613;-0,2219;-0,0383;-0,0604;0,0333;-0,9969;;False
723,54;64.05;pa010​;20250411_094227;1;TUG2;-0,0348;1,1612;-0,2241;-0,0414;-0,0601;0,0336;-0,9968;;False
723,56;64.07;pa010​;20250411_094227;1;TUG2;-0,0354;1,1612;-0,2261;-0,0442;-0,0599;0,0339;-0,9967;;False
723,57;64.08;pa010​;20250411_094227;1;TUG2;-0,0360;1,1615;-0,2279;-0,0453;-0,0600;0,0340;-0,9966;;False
723,59;64.1;pa010​;20250411_094227;1;TUG2;-0,0365;1,1617;-0,2297;-0,0451;-0,0605;0,0345;-0,9966;;False
723,60;64.11;pa010​;20250411_094227;1;TUG2;-0,0369;1,1618;-0,2316;-0,0450;-0,0609;0,0347;-0,9965;;False
723,61;64.12;pa010​;20250411_094227;1;TUG2;-0,0374;1,1619;-0,2334;-0,0462;-0,0613;0,0347;-0,9964;;False
723,63;64.14;pa010​;20250411_094227;1;TUG2;-0,0378;1,1620;-0,2349;-0,0475;-0,0613;0,0345;-0,9964;;False
723,64;64.15;pa010​;20250411_094227;1;TUG2;-0,0382;1,1621;-0,2362;-0,0485;-0,0611;0,0341;-0,9964;;False
723,66;64.17;pa010​;20250411_094227;1;TUG2;-0,0385;1,1621;-0,2376;-0,0498;-0,0605;0,0333;-0,9964;;False
723,67;64.18;pa010​;20250411_094227;1;TUG2;-0,0390;1,1620;-0,2391;-0,0516;-0,0599;0,0325;-0,9963;;False
723,68;64.19;pa010​;20250411_094227;1;TUG2;-0,0393;1,1622;-0,2404;-0,0528;-0,0592;0,0323;-0,9963;;False
723,70;64.21;pa010​;20250411_094227;1;TUG2;-0,0395;1,1626;-0,2414;-0,0517;-0,0586;0,0325;-0,9964;;False
723,71;64.22;pa010​;20250411_094227;1;TUG2;-0,0397;1,1631;-0,2425;-0,0497;-0,0581;0,0327;-0,9965;;False
723,73;64.23;pa010​;20250411_094227;1;TUG2;-0,0398;1,1635;-0,2438;-0,0482;-0,0577;0,0329;-0,9966;;False
723,74;64.25;pa010​;20250411_094227;1;TUG2;-0,0399;1,1639;-0,2450;-0,0469;-0,0576;0,0331;-0,9967;;False
723,75;64.26;pa010​;20250411_094227;1;TUG2;-0,0400;1,1642;-0,2462;-0,0452;-0,0578;0,0329;-0,9968;;False
723,77;64.28;pa010​;20250411_094227;1;TUG2;-0,0400;1,1645;-0,2473;-0,0435;-0,0586;0,0318;-0,9968;;False
723,78;64.29;pa010​;20250411_094227;1;TUG2;-0,0400;1,1647;-0,2484;-0,0416;-0,0602;0,0308;-0,9968;;False
723,80;64.3;pa010​;20250411_094227;1;TUG2;-0,0398;1,1650;-0,2495;-0,0400;-0,0617;0,0291;-0,9969;;False
723,81;64.32;pa010​;20250411_094227;1;TUG2;-0,0396;1,1654;-0,2505;-0,0388;-0,0638;0,0274;-0,9968;;False
723,82;64.33;pa010​;20250411_094227;1;TUG2;-0,0393;1,1660;-0,2514;-0,0365;-0,0656;0,0262;-0,9968;;False
723,84;64.35;pa010​;20250411_094227;1;TUG2;-0,0389;1,1666;-0,2522;-0,0333;-0,0673;0,0255;-0,9969;;False
723,85;64.36;pa010​;20250411_094227;1;TUG2;-0,0385;1,1672;-0,2529;-0,0299;-0,0692;0,0252;-0,9968;;False
723,87;64.37;pa010​;20250411_094227;1;TUG2;-0,0379;1,1679;-0,2537;-0,0256;-0,0725;0,0249;-0,9967;;False
723,88;64.39;pa010​;20250411_094227;1;TUG2;-0,0372;1,1686;-0,2545;-0,0212;-0,0767;0,0235;-0,9965;;False
723,89;64.4;pa010​;20250411_094227;1;TUG2;-0,0362;1,1695;-0,2550;-0,0160;-0,0818;0,0210;-0,9963;;False
723,91;64.41;pa010​;20250411_094227;1;TUG2;-0,0352;1,1703;-0,2555;-0,0107;-0,0875;0,0189;-0,9959;;False
723,92;64.43;pa010​;20250411_094227;1;TUG2;-0,0342;1,1711;-0,2560;-0,0060;-0,0940;0,0165;-0,9954;;False
723,93;64.44;pa010​;20250411_094227;1;TUG2;-0,0332;1,1717;-0,2565;-0,0019;-0,0998;0,0140;-0,9949;;False
723,95;64.46;pa010​;20250411_094227;1;TUG2;-0,0322;1,1722;-0,2570;0,0018;-0,1056;0,0124;-0,9943;;False
723,96;64.47;pa010​;20250411_094227;1;TUG2;-0,0312;1,1726;-0,2577;0,0052;-0,1114;0,0121;-0,9937;;False
723,98;64.48;pa010​;20250411_094227;1;TUG2;-0,0302;1,1729;-0,2584;0,0070;-0,1173;0,0121;-0,9930;;False
723,99;64.5;pa010​;20250411_094227;1;TUG2;-0,0291;1,1731;-0,2591;0,0083;-0,1231;0,0115;-0,9923;;False
724,00;64.51;pa010​;20250411_094227;1;TUG2;-0,0281;1,1734;-0,2596;0,0096;-0,1286;0,0106;-0,9916;;False
724,02;64.53;pa010​;20250411_094227;1;TUG2;-0,0270;1,1736;-0,2601;0,0108;-0,1337;0,0098;-0,9909;;False
724,03;64.54;pa010​;20250411_094227;1;TUG2;-0,0260;1,1737;-0,2605;0,0114;-0,1389;0,0084;-0,9902;;False
724,04;64.55;pa010​;20250411_094227;1;TUG2;-0,0251;1,1738;-0,2609;0,0120;-0,1440;0,0078;-0,9895;;False
724,06;64.57;pa010​;20250411_094227;1;TUG2;-0,0242;1,1739;-0,2613;0,0129;-0,1484;0,0073;-0,9888;;False
724,07;64.58;pa010​;20250411_094227;1;TUG2;-0,0233;1,1742;-0,2617;0,0137;-0,1522;0,0074;-0,9882;;False
724,09;64.6;pa010​;20250411_094227;1;TUG2;-0,0226;1,1744;-0,2620;0,0151;-0,1556;0,0080;-0,9877;;False
724,10;64.61;pa010​;20250411_094227;1;TUG2;-0,0218;1,1746;-0,2622;0,0164;-0,1579;0,0085;-0,9873;;False
724,11;64.62;pa010​;20250411_094227;1;TUG2;-0,0212;1,1747;-0,2624;0,0173;-0,1603;0,0087;-0,9869;;False
724,13;64.64;pa010​;20250411_094227;1;TUG2;-0,0206;1,1748;-0,2626;0,0182;-0,1628;0,0088;-0,9864;;False
724,14;64.65;pa010​;20250411_094227;1;TUG2;-0,0199;1,1748;-0,2628;0,0186;-0,1650;0,0087;-0,9861;;False
724,16;64.67;pa010​;20250411_094227;1;TUG2;-0,0193;1,1748;-0,2633;0,0183;-0,1674;0,0083;-0,9857;;False
724,17;64.68;pa010​;20250411_094227;1;TUG2;-0,0187;1,1747;-0,2638;0,0180;-0,1699;0,0078;-0,9853;;False
724,18;64.69;pa010​;20250411_094227;1;TUG2;-0,0180;1,1747;-0,2642;0,0179;-0,1726;0,0074;-0,9848;;False
724,20;64.71;pa010​;20250411_094227;1;TUG2;-0,0172;1,1747;-0,2645;0,0180;-0,1754;0,0076;-0,9843;;False
724,21;64.72;pa010​;20250411_094227;1;TUG2;-0,0164;1,1748;-0,2648;0,0183;-0,1781;0,0081;-0,9838;;False
724,23;64.73;pa010​;20250411_094227;1;TUG2;-0,0156;1,1748;-0,2650;0,0188;-0,1810;0,0084;-0,9833;;False
724,24;64.75;pa010​;20250411_094227;1;TUG2;-0,0148;1,1748;-0,2651;0,0194;-0,1838;0,0088;-0,9827;;False
724,25;64.76;pa010​;20250411_094227;1;TUG2;-0,0140;1,1748;-0,2653;0,0198;-0,1866;0,0091;-0,9822;;False
724,27;64.78;pa010​;20250411_094227;1;TUG2;-0,0133;1,1746;-0,2655;0,0201;-0,1891;0,0094;-0,9817;;False
724,28;64.79;pa010​;20250411_094227;1;TUG2;-0,0127;1,1745;-0,2656;0,0196;-0,1914;0,0097;-0,9813;;False
724,30;64.8;pa010​;20250411_094227;1;TUG2;-0,0122;1,1742;-0,2657;0,0192;-0,1931;0,0099;-0,9810;;False
724,31;64.82;pa010​;20250411_094227;1;TUG2;-0,0118;1,1740;-0,2658;0,0181;-0,1947;0,0106;-0,9806;;False
724,32;64.83;pa010​;20250411_094227;1;TUG2;-0,0115;1,1738;-0,2659;0,0169;-0,1958;0,0109;-0,9804;;False
724,34;64.85;pa010​;20250411_094227;1;TUG2;-0,0111;1,1736;-0,2659;0,0160;-0,1964;0,0114;-0,9803;;False
724,35;64.86;pa010​;20250411_094227;1;TUG2;-0,0109;1,1736;-0,2660;0,0160;-0,1971;0,0115;-0,9802;;False
724,37;64.87;pa010​;20250411_094227;1;TUG2;-0,0107;1,1736;-0,2661;0,0165;-0,1974;0,0115;-0,9801;;False
724,38;64.89;pa010​;20250411_094227;1;TUG2;-0,0105;1,1736;-0,2662;0,0164;-0,1978;0,0113;-0,9801;;False
724,39;64.9;pa010​;20250411_094227;1;TUG2;-0,0102;1,1734;-0,2662;0,0164;-0,1980;0,0110;-0,9800;;False
724,41;64.92;pa010​;20250411_094227;1;TUG2;-0,0101;1,1734;-0,2663;0,0163;-0,1983;0,0107;-0,9799;;False
724,42;64.93;pa010​;20250411_094227;1;TUG2;-0,0100;1,1733;-0,2664;0,0158;-0,1990;0,0106;-0,9798;;False
724,43;64.94;pa010​;20250411_094227;1;TUG2;-0,0099;1,1733;-0,2665;0,0154;-0,1995;0,0107;-0,9797;;False
724,45;64.96;pa010​;20250411_094227;1;TUG2;-0,0098;1,1732;-0,2668;0,0154;-0,1999;0,0109;-0,9796;;False
724,46;64.97;pa010​;20250411_094227;1;TUG2;-0,0098;1,1732;-0,2670;0,0156;-0,2004;0,0111;-0,9795;;False
724,48;64.98;pa010​;20250411_094227;1;TUG2;-0,0097;1,1733;-0,2673;0,0157;-0,2007;0,0108;-0,9795;;False
724,49;65.0;pa010​;20250411_094227;1;TUG2;-0,0097;1,1734;-0,2676;0,0168;-0,2009;0,0105;-0,9794;;False
724,50;65.01;pa010​;20250411_094227;1;TUG2;-0,0097;1,1737;-0,2678;0,0179;-0,2011;0,0105;-0,9793;;False
724,52;65.03;pa010​;20250411_094227;1;TUG2;-0,0098;1,1739;-0,2680;0,0186;-0,2011;0,0104;-0,9793;;False
724,53;65.04;pa010​;20250411_094227;1;TUG2;-0,0099;1,1740;-0,2681;0,0190;-0,2005;0,0099;-0,9795;;False
724,54;65.05;pa010​;20250411_094227;1;TUG2;-0,0102;1,1742;-0,2683;0,0195;-0,1996;0,0093;-0,9796;;False
724,56;65.07;pa010​;20250411_094227;1;TUG2;-0,0106;1,1742;-0,2684;0,0196;-0,1975;0,0094;-0,9801;;False
724,57;65.08;pa010​;20250411_094227;1;TUG2;-0,0114;1,1741;-0,2683;0,0194;-0,1950;0,0099;-0,9806;;False
724,59;65.1;pa010​;20250411_094227;1;TUG2;-0,0117;1,1743;-0,2683;0,0198;-0,1922;0,0102;-0,9811;;False
724,60;65.11;pa010​;20250411_094227;1;TUG2;-0,0122;1,1744;-0,2683;0,0208;-0,1897;0,0102;-0,9816;;False
724,61;65.12;pa010​;20250411_094227;1;TUG2;-0,0126;1,1745;-0,2683;0,0216;-0,1873;0,0104;-0,9820;;False
724,63;65.14;pa010​;20250411_094227;1;TUG2;-0,0130;1,1746;-0,2685;0,0220;-0,1848;0,0104;-0,9825;;False
724,64;65.15;pa010​;20250411_094227;1;TUG2;-0,0134;1,1746;-0,2685;0,0220;-0,1825;0,0104;-0,9829;;False
724,66;65.17;pa010​;20250411_094227;1;TUG2;-0,0141;1,1746;-0,2685;0,0220;-0,1794;0,0103;-0,9835;;False
724,67;65.18;pa010​;20250411_094227;1;TUG2;-0,0148;1,1747;-0,2684;0,0217;-0,1748;0,0114;-0,9843;;False
724,68;65.19;pa010​;20250411_094227;1;TUG2;-0,0158;1,1747;-0,2683;0,0216;-0,1696;0,0125;-0,9852;;False
724,70;65.21;pa010​;20250411_094227;1;TUG2;-0,0170;1,1747;-0,2681;0,0217;-0,1624;0,0144;-0,9864;;False
724,71;65.22;pa010​;20250411_094227;1;TUG2;-0,0182;1,1747;-0,2679;0,0211;-0,1543;0,0163;-0,9877;;False
724,73;65.23;pa010​;20250411_094227;1;TUG2;-0,0196;1,1748;-0,2676;0,0211;-0,1459;0,0175;-0,9889;;False
724,74;65.25;pa010​;20250411_094227;1;TUG2;-0,0210;1,1749;-0,2673;0,0218;-0,1372;0,0182;-0,9901;;False
724,75;65.26;pa010​;20250411_094227;1;TUG2;-0,0225;1,1750;-0,2670;0,0217;-0,1286;0,0191;-0,9913;;False
724,77;65.28;pa010​;20250411_094227;1;TUG2;-0,0240;1,1749;-0,2667;0,0214;-0,1199;0,0195;-0,9924;;False
724,78;65.29;pa010​;20250411_094227;1;TUG2;-0,0257;1,1747;-0,2665;0,0200;-0,1116;0,0200;-0,9934;;False
724,80;65.3;pa010​;20250411_094227;1;TUG2;-0,0272;1,1745;-0,2664;0,0180;-0,1032;0,0209;-0,9943;;False
724,81;65.32;pa010​;20250411_094227;1;TUG2;-0,0287;1,1742;-0,2664;0,0155;-0,0948;0,0220;-0,9951;;False
724,82;65.33;pa010​;20250411_094227;1;TUG2;-0,0301;1,1738;-0,2664;0,0130;-0,0866;0,0236;-0,9959;;False
724,84;65.35;pa010​;20250411_094227;1;TUG2;-0,0316;1,1734;-0,2665;0,0107;-0,0792;0,0252;-0,9965;;False
724,85;65.36;pa010​;20250411_094227;1;TUG2;-0,0327;1,1732;-0,2665;0,0085;-0,0722;0,0270;-0,9970;;False
724,86;65.37;pa010​;20250411_094227;1;TUG2;-0,0338;1,1730;-0,2665;0,0073;-0,0669;0,0277;-0,9973;;False
724,88;65.39;pa010​;20250411_094227;1;TUG2;-0,0348;1,1729;-0,2667;0,0058;-0,0618;0,0288;-0,9977;;False
724,89;65.4;pa010​;20250411_094227;1;TUG2;-0,0359;1,1726;-0,2667;0,0039;-0,0587;0,0292;-0,9978;;False
724,91;65.42;pa010​;20250411_094227;1;TUG2;-0,0369;1,1722;-0,2669;0,0013;-0,0548;0,0296;-0,9981;;False
724,92;65.43;pa010​;20250411_094227;1;TUG2;-0,0378;1,1719;-0,2669;-0,0010;-0,0509;0,0300;-0,9983;;False
724,93;65.44;pa010​;20250411_094227;1;TUG2;-0,0386;1,1717;-0,2669;-0,0028;-0,0474;0,0305;-0,9984;;False
724,95;65.46;pa010​;20250411_094227;1;TUG2;-0,0394;1,1715;-0,2669;-0,0040;-0,0442;0,0311;-0,9985;;False
724,96;65.47;pa010​;20250411_094227;1;TUG2;-0,0401;1,1713;-0,2669;-0,0044;-0,0418;0,0314;-0,9986;;False
724,98;65.48;pa010​;20250411_094227;1;TUG2;-0,0407;1,1711;-0,2669;-0,0058;-0,0403;0,0318;-0,9987;;False
724,99;65.5;pa010​;20250411_094227;1;TUG2;-0,0411;1,1707;-0,2669;-0,0071;-0,0392;0,0318;-0,9987;;False
725,00;65.51;pa010​;20250411_094227;1;TUG2;-0,0415;1,1703;-0,2669;-0,0094;-0,0388;0,0316;-0,9987;;False
725,02;65.53;pa010​;20250411_094227;1;TUG2;-0,0419;1,1698;-0,2669;-0,0127;-0,0381;0,0309;-0,9987;;False
725,03;65.54;pa010​;20250411_094227;1;TUG2;-0,0423;1,1694;-0,2667;-0,0163;-0,0378;0,0306;-0,9987;;False
725,04;65.55;pa010​;20250411_094227;1;TUG2;-0,0426;1,1686;-0,2666;-0,0199;-0,0374;0,0309;-0,9986;;False
725,06;65.57;pa010​;20250411_094227;1;TUG2;-0,0430;1,1677;-0,2666;-0,0252;-0,0375;0,0309;-0,9985;;False
725,07;65.58;pa010​;20250411_094227;1;TUG2;-0,0434;1,1666;-0,2665;-0,0312;-0,0372;0,0316;-0,9983;;False
725,09;65.6;pa010​;20250411_094227;1;TUG2;-0,0437;1,1654;-0,2662;-0,0383;-0,0364;0,0320;-0,9981;;False
725,10;65.61;pa010​;20250411_094227;1;TUG2;-0,0441;1,1642;-0,2659;-0,0448;-0,0361;0,0328;-0,9978;;False
725,11;65.62;pa010​;20250411_094227;1;TUG2;-0,0444;1,1631;-0,2653;-0,0507;-0,0355;0,0336;-0,9975;;False
725,13;65.64;pa010​;20250411_094227;1;TUG2;-0,0446;1,1620;-0,2647;-0,0550;-0,0351;0,0340;-0,9973;;False
725,16;65.67;pa010​;20250411_094227;1;TUG2;-0,0448;1,1595;-0,2637;-0,0663;-0,0351;0,0352;-0,9966;;False
725,17;65.68;pa010​;20250411_094227;1;TUG2;-0,0451;1,1581;-0,2634;-0,0735;-0,0359;0,0354;-0,9960;;False
725,18;65.69;pa010​;20250411_094227;1;TUG2;-0,0452;1,1566;-0,2628;-0,0810;-0,0364;0,0360;-0,9954;;False
725,20;65.71;pa010​;20250411_094227;1;TUG2;-0,0453;1,1550;-0,2622;-0,0883;-0,0370;0,0362;-0,9947;;False
725,21;65.72;pa010​;20250411_094227;1;TUG2;-0,0454;1,1535;-0,2616;-0,0957;-0,0375;0,0363;-0,9940;;False
725,23;65.73;pa010​;20250411_094227;1;TUG2;-0,0455;1,1521;-0,2610;-0,1024;-0,0386;0,0363;-0,9933;;False
725,24;65.75;pa010​;20250411_094227;1;TUG2;-0,0455;1,1510;-0,2605;-0,1073;-0,0400;0,0369;-0,9927;;False
725,25;65.76;pa010​;20250411_094227;1;TUG2;-0,0453;1,1507;-0,2599;-0,1097;-0,0414;0,0364;-0,9924;;False
725,27;65.78;pa010​;20250411_094227;1;TUG2;-0,0450;1,1507;-0,2592;-0,1094;-0,0427;0,0361;-0,9924;;False
725,28;65.79;pa010​;20250411_094227;1;TUG2;-0,0448;1,1508;-0,2587;-0,1076;-0,0444;0,0359;-0,9926;;False
725,30;65.8;pa010​;20250411_094227;1;TUG2;-0,0446;1,1510;-0,2584;-0,1058;-0,0458;0,0353;-0,9927;;False
725,31;65.82;pa010​;20250411_094227;1;TUG2;-0,0443;1,1512;-0,2581;-0,1039;-0,0472;0,0350;-0,9929;;False
725,32;65.83;pa010​;20250411_094227;1;TUG2;-0,0440;1,1514;-0,2579;-0,1014;-0,0487;0,0350;-0,9930;;False
725,34;65.85;pa010​;20250411_094227;1;TUG2;-0,0437;1,1516;-0,2578;-0,0997;-0,0500;0,0352;-0,9931;;False
725,35;65.86;pa010​;20250411_094227;1;TUG2;-0,0436;1,1516;-0,2577;-0,0989;-0,0510;0,0353;-0,9932;;False
725,36;65.87;pa010​;20250411_094227;1;TUG2;-0,0436;1,1515;-0,2577;-0,0988;-0,0517;0,0353;-0,9931;;False
725,38;65.89;pa010​;20250411_094227;1;TUG2;-0,0435;1,1517;-0,2575;-0,0994;-0,0519;0,0353;-0,9931;;False
725,39;65.9;pa010​;20250411_094227;1;TUG2;-0,0435;1,1516;-0,2575;-0,0999;-0,0519;0,0354;-0,9930;;False
725,41;65.91;pa010​;20250411_094227;1;TUG2;-0,0436;1,1515;-0,2575;-0,1000;-0,0517;0,0357;-0,9930;;False
725,42;65.93;pa010​;20250411_094227;1;TUG2;-0,0436;1,1516;-0,2575;-0,0999;-0,0517;0,0357;-0,9930;;False
725,43;65.94;pa010​;20250411_094227;1;TUG2;-0,0436;1,1517;-0,2575;-0,0994;-0,0519;0,0357;-0,9931;;False
725,45;65.96;pa010​;20250411_094227;1;TUG2;-0,0436;1,1518;-0,2576;-0,0987;-0,0520;0,0356;-0,9931;;False
725,46;65.97;pa010​;20250411_094227;1;TUG2;-0,0436;1,1519;-0,2577;-0,0984;-0,0524;0,0352;-0,9931;;False
725,48;65.98;pa010​;20250411_094227;1;TUG2;-0,0437;1,1520;-0,2578;-0,0980;-0,0527;0,0349;-0,9932;;False
725,49;66.0;pa010​;20250411_094227;1;TUG2;-0,0437;1,1521;-0,2580;-0,0976;-0,0531;0,0348;-0,9932;;False
725,50;66.01;pa010​;20250411_094227;1;TUG2;-0,0438;1,1522;-0,2582;-0,0974;-0,0533;0,0347;-0,9932;;False
725,52;66.03;pa010​;20250411_094227;1;TUG2;-0,0438;1,1524;-0,2583;-0,0973;-0,0535;0,0346;-0,9932;;False
725,53;66.04;pa010​;20250411_094227;1;TUG2;-0,0439;1,1527;-0,2584;-0,0971;-0,0533;0,0346;-0,9932;;False
725,54;66.05;pa010​;20250411_094227;1;TUG2;-0,0440;1,1528;-0,2585;-0,0963;-0,0534;0,0346;-0,9933;;False
725,56;66.07;pa010​;20250411_094227;1;TUG2;-0,0441;1,1529;-0,2585;-0,0954;-0,0534;0,0342;-0,9934;;False
725,57;66.08;pa010​;20250411_094227;1;TUG2;-0,0441;1,1532;-0,2585;-0,0936;-0,0539;0,0338;-0,9936;;False
725,59;66.1;pa010​;20250411_094227;1;TUG2;-0,0441;1,1536;-0,2585;-0,0920;-0,0546;0,0337;-0,9937;;False
725,60;66.11;pa010​;20250411_094227;1;TUG2;-0,0441;1,1539;-0,2586;-0,0909;-0,0551;0,0336;-0,9938;;False
725,61;66.12;pa010​;20250411_094227;1;TUG2;-0,0439;1,1542;-0,2587;-0,0902;-0,0557;0,0333;-0,9938;;False
725,63;66.14;pa010​;20250411_094227;1;TUG2;-0,0437;1,1544;-0,2588;-0,0895;-0,0562;0,0332;-0,9939;;False
725,64;66.15;pa010​;20250411_094227;1;TUG2;-0,0435;1,1547;-0,2589;-0,0886;-0,0566;0,0335;-0,9939;;False
725,66;66.17;pa010​;20250411_094227;1;TUG2;-0,0434;1,1548;-0,2590;-0,0875;-0,0572;0,0337;-0,9939;;False
725,67;66.18;pa010​;20250411_094227;1;TUG2;-0,0433;1,1551;-0,2590;-0,0862;-0,0580;0,0337;-0,9940;;False
725,68;66.19;pa010​;20250411_094227;1;TUG2;-0,0429;1,1557;-0,2590;-0,0835;-0,0599;0,0332;-0,9942;;False
725,70;66.21;pa010​;20250411_094227;1;TUG2;-0,0425;1,1563;-0,2591;-0,0800;-0,0624;0,0323;-0,9943;;False
725,71;66.22;pa010​;20250411_094227;1;TUG2;-0,0420;1,1570;-0,2594;-0,0770;-0,0651;0,0312;-0,9944;;False
725,73;66.23;pa010​;20250411_094227;1;TUG2;-0,0414;1,1577;-0,2598;-0,0744;-0,0679;0,0299;-0,9945;;False
725,74;66.25;pa010​;20250411_094227;1;TUG2;-0,0409;1,1582;-0,2601;-0,0720;-0,0708;0,0289;-0,9945;;False
725,75;66.26;pa010​;20250411_094227;1;TUG2;-0,0405;1,1587;-0,2603;-0,0697;-0,0736;0,0282;-0,9944;;False
725,77;66.28;pa010​;20250411_094227;1;TUG2;-0,0399;1,1592;-0,2605;-0,0668;-0,0765;0,0279;-0,9944;;False
725,78;66.29;pa010​;20250411_094227;1;TUG2;-0,0391;1,1597;-0,2607;-0,0635;-0,0802;0,0275;-0,9944;;False
725,80;66.3;pa010​;20250411_094227;1;TUG2;-0,0382;1,1603;-0,2609;-0,0598;-0,0842;0,0268;-0,9943;;False
725,81;66.32;pa010​;20250411_094227;1;TUG2;-0,0373;1,1611;-0,2611;-0,0555;-0,0895;0,0254;-0,9941;;False
725,82;66.33;pa010​;20250411_094227;1;TUG2;-0,0360;1,1620;-0,2613;-0,0506;-0,0957;0,0239;-0,9938;;False
725,84;66.35;pa010​;20250411_094227;1;TUG2;-0,0347;1,1628;-0,2616;-0,0454;-0,1035;0,0217;-0,9934;;False
725,85;66.36;pa010​;20250411_094227;1;TUG2;-0,0333;1,1637;-0,2619;-0,0401;-0,1126;0,0188;-0,9926;;False
725,86;66.37;pa010​;20250411_094227;1;TUG2;-0,0317;1,1644;-0,2624;-0,0352;-0,1219;0,0162;-0,9918;;False
725,88;66.39;pa010​;20250411_094227;1;TUG2;-0,0302;1,1651;-0,2629;-0,0316;-0,1316;0,0137;-0,9907;;False
725,89;66.4;pa010​;20250411_094227;1;TUG2;-0,0285;1,1656;-0,2635;-0,0278;-0,1420;0,0115;-0,9894;;False
725,91;66.41;pa010​;20250411_094227;1;TUG2;-0,0266;1,1662;-0,2641;-0,0241;-0,1521;0,0091;-0,9880;;False
725,92;66.43;pa010​;20250411_094227;1;TUG2;-0,0245;1,1668;-0,2647;-0,0202;-0,1635;0,0066;-0,9863;;False
725,93;66.44;pa010​;20250411_094227;1;TUG2;-0,0224;1,1674;-0,2654;-0,0165;-0,1759;0,0038;-0,9843;;False
725,95;66.46;pa010​;20250411_094227;1;TUG2;-0,0202;1,1677;-0,2662;-0,0137;-0,1884;0,0006;-0,9820;;False
725,96;66.47;pa010​;20250411_094227;1;TUG2;-0,0180;1,1681;-0,2670;-0,0117;-0,2018;-0,0027;-0,9793;;False
725,98;66.48;pa010​;20250411_094227;1;TUG2;-0,0157;1,1683;-0,2678;-0,0100;-0,2150;-0,0058;-0,9765;;False
725,99;66.5;pa010​;20250411_094227;1;TUG2;-0,0135;1,1685;-0,2685;-0,0087;-0,2273;-0,0081;-0,9738;;False
726,00;66.51;pa010​;20250411_094227;1;TUG2;-0,0115;1,1687;-0,2692;-0,0079;-0,2388;-0,0098;-0,9710;;False
726,02;66.53;pa010​;20250411_094227;1;TUG2;-0,0095;1,1689;-0,2698;-0,0066;-0,2490;-0,0112;-0,9684;;False
726,03;66.54;pa010​;20250411_094227;1;TUG2;-0,0077;1,1693;-0,2706;-0,0048;-0,2584;-0,0115;-0,9659;;False
726,04;66.55;pa010​;20250411_094227;1;TUG2;-0,0060;1,1698;-0,2712;-0,0026;-0,2673;-0,0125;-0,9635;;False
726,06;66.57;pa010​;20250411_094227;1;TUG2;-0,0044;1,1703;-0,2719;0,0003;-0,2750;-0,0132;-0,9614;;False
726,07;66.58;pa010​;20250411_094227;1;TUG2;-0,0030;1,1707;-0,2724;0,0029;-0,2817;-0,0140;-0,9594;;False
726,09;66.6;pa010​;20250411_094227;1;TUG2;-0,0017;1,1711;-0,2730;0,0052;-0,2882;-0,0145;-0,9575;;False
726,10;66.61;pa010​;20250411_094227;1;TUG2;-0,0005;1,1713;-0,2735;0,0068;-0,2940;-0,0149;-0,9557;;False
726,11;66.62;pa010​;20250411_094227;1;TUG2;0,0006;1,1716;-0,2739;0,0081;-0,2988;-0,0155;-0,9542;;False
726,13;66.64;pa010​;20250411_094227;1;TUG2;0,0017;1,1718;-0,2743;0,0089;-0,3023;-0,0155;-0,9530;;False
726,14;66.65;pa010​;20250411_094227;1;TUG2;0,0026;1,1718;-0,2746;0,0098;-0,3059;-0,0151;-0,9519;;False
726,16;66.66;pa010​;20250411_094227;1;TUG2;0,0037;1,1719;-0,2748;0,0105;-0,3098;-0,0152;-0,9506;;False
726,17;66.68;pa010​;20250411_094227;1;TUG2;0,0048;1,1720;-0,2752;0,0113;-0,3138;-0,0154;-0,9493;;False
726,18;66.69;pa010​;20250411_094227;1;TUG2;0,0058;1,1719;-0,2755;0,0115;-0,3180;-0,0159;-0,9479;;False
726,20;66.71;pa010​;20250411_094227;1;TUG2;0,0068;1,1718;-0,2759;0,0116;-0,3219;-0,0163;-0,9466;;False
726,21;66.72;pa010​;20250411_094227;1;TUG2;0,0077;1,1716;-0,2762;0,0113;-0,3262;-0,0158;-0,9451;;False
726,23;66.74;pa010​;20250411_094227;1;TUG2;0,0088;1,1715;-0,2765;0,0108;-0,3298;-0,0153;-0,9439;;False
726,24;66.75;pa010​;20250411_094227;1;TUG2;0,0097;1,1714;-0,2766;0,0104;-0,3330;-0,0152;-0,9427;;False
726,25;66.76;pa010​;20250411_094227;1;TUG2;0,0108;1,1713;-0,2768;0,0105;-0,3357;-0,0144;-0,9418;;False
726,27;66.78;pa010​;20250411_094227;1;TUG2;0,0116;1,1711;-0,2771;0,0105;-0,3385;-0,0144;-0,9408;;False
726,28;66.79;pa010​;20250411_094227;1;TUG2;0,0124;1,1710;-0,2771;0,0099;-0,3412;-0,0139;-0,9399;;False
726,30;66.8;pa010​;20250411_094227;1;TUG2;0,0133;1,1709;-0,2773;0,0097;-0,3432;-0,0136;-0,9391;;False
726,31;66.82;pa010​;20250411_094227;1;TUG2;0,0142;1,1707;-0,2774;0,0098;-0,3458;-0,0133;-0,9382;;False
726,32;66.83;pa010​;20250411_094227;1;TUG2;0,0149;1,1706;-0,2776;0,0095;-0,3480;-0,0130;-0,9374;;False
726,34;66.85;pa010​;20250411_094227;1;TUG2;0,0155;1,1705;-0,2776;0,0098;-0,3502;-0,0127;-0,9366;;False
726,35;66.86;pa010​;20250411_094227;1;TUG2;0,0162;1,1706;-0,2776;0,0102;-0,3518;-0,0123;-0,9359;;False
726,36;66.87;pa010​;20250411_094227;1;TUG2;0,0168;1,1705;-0,2776;0,0109;-0,3532;-0,0121;-0,9354;;False
726,38;66.89;pa010​;20250411_094227;1;TUG2;0,0173;1,1704;-0,2774;0,0112;-0,3544;-0,0120;-0,9349;;False
726,39;66.9;pa010​;20250411_094227;1;TUG2;0,0178;1,1705;-0,2773;0,0115;-0,3554;-0,0123;-0,9346;;False
726,41;66.92;pa010​;20250411_094227;1;TUG2;0,0182;1,1705;-0,2771;0,0116;-0,3561;-0,0124;-0,9343;;False
726,42;66.93;pa010​;20250411_094227;1;TUG2;0,0186;1,1704;-0,2769;0,0115;-0,3567;-0,0126;-0,9341;;False
726,43;66.94;pa010​;20250411_094227;1;TUG2;0,0188;1,1703;-0,2768;0,0113;-0,3571;-0,0125;-0,9339;;False
726,45;66.96;pa010​;20250411_094227;1;TUG2;0,0190;1,1702;-0,2766;0,0106;-0,3572;-0,0123;-0,9339;;False
726,46;66.97;pa010​;20250411_094227;1;TUG2;0,0191;1,1701;-0,2764;0,0099;-0,3571;-0,0119;-0,9339;;False
726,48;66.98;pa010​;20250411_094227;1;TUG2;0,0192;1,1701;-0,2762;0,0093;-0,3570;-0,0116;-0,9340;;False
726,49;67.0;pa010​;20250411_094227;1;TUG2;0,0195;1,1700;-0,2760;0,0090;-0,3568;-0,0116;-0,9341;;False
726,50;67.01;pa010​;20250411_094227;1;TUG2;0,0196;1,1699;-0,2759;0,0091;-0,3563;-0,0118;-0,9343;;False
726,52;67.03;pa010​;20250411_094227;1;TUG2;0,0197;1,1699;-0,2758;0,0090;-0,3560;-0,0118;-0,9344;;False
726,53;67.04;pa010​;20250411_094227;1;TUG2;0,0198;1,1699;-0,2757;0,0088;-0,3561;-0,0119;-0,9343;;False
726,54;67.05;pa010​;20250411_094227;1;TUG2;0,0199;1,1698;-0,2758;0,0085;-0,3564;-0,0119;-0,9342;;False
726,56;67.07;pa010​;20250411_094227;1;TUG2;0,0200;1,1696;-0,2759;0,0082;-0,3566;-0,0118;-0,9342;;False
726,57;67.08;pa010​;20250411_094227;1;TUG2;0,0201;1,1695;-0,2760;0,0079;-0,3568;-0,0117;-0,9341;;False
726,59;67.1;pa010​;20250411_094227;1;TUG2;0,0201;1,1693;-0,2760;0,0074;-0,3568;-0,0115;-0,9341;;False
726,60;67.11;pa010​;20250411_094227;1;TUG2;0,0201;1,1691;-0,2759;0,0070;-0,3565;-0,0113;-0,9342;;False
726,61;67.12;pa010​;20250411_094227;1;TUG2;0,0201;1,1690;-0,2758;0,0069;-0,3560;-0,0110;-0,9344;;False
726,63;67.14;pa010​;20250411_094227;1;TUG2;0,0200;1,1690;-0,2756;0,0071;-0,3552;-0,0113;-0,9347;;False
726,64;67.15;pa010​;20250411_094227;1;TUG2;0,0198;1,1689;-0,2753;0,0072;-0,3543;-0,0116;-0,9350;;False
726,66;67.16;pa010​;20250411_094227;1;TUG2;0,0196;1,1688;-0,2748;0,0068;-0,3529;-0,0119;-0,9356;;False
726,67;67.18;pa010​;20250411_094227;1;TUG2;0,0191;1,1685;-0,2735;0,0067;-0,3502;-0,0123;-0,9366;;False
726,68;67.19;pa010​;20250411_094227;1;TUG2;0,0187;1,1679;-0,2725;0,0059;-0,3468;-0,0115;-0,9379;;False
726,70;67.21;pa010​;20250411_094227;1;TUG2;0,0182;1,1672;-0,2711;0,0038;-0,3417;-0,0104;-0,9397;;False
726,71;67.22;pa010​;20250411_094227;1;TUG2;0,0178;1,1665;-0,2693;0,0015;-0,3358;-0,0092;-0,9419;;False
726,73;67.23;pa010​;20250411_094227;1;TUG2;0,0172;1,1654;-0,2671;-0,0005;-0,3294;-0,0081;-0,9442;;False
726,74;67.25;pa010​;20250411_094227;1;TUG2;0,0165;1,1643;-0,2644;-0,0040;-0,3216;-0,0068;-0,9468;;False
726,75;67.26;pa010​;20250411_094227;1;TUG2;0,0159;1,1627;-0,2614;-0,0082;-0,3122;-0,0050;-0,9500;;False
726,77;67.28;pa010​;20250411_094227;1;TUG2;0,0150;1,1610;-0,2578;-0,0142;-0,3016;-0,0028;-0,9533;;False
726,78;67.29;pa010​;20250411_094227;1;TUG2;0,0141;1,1590;-0,2538;-0,0203;-0,2894;-0,0006;-0,9570;;False
726,80;67.3;pa010​;20250411_094227;1;TUG2;0,0129;1,1569;-0,2494;-0,0277;-0,2764;0,0021;-0,9606;;False
726,81;67.32;pa010​;20250411_094227;1;TUG2;0,0120;1,1542;-0,2443;-0,0346;-0,2614;0,0052;-0,9646;;False
726,82;67.33;pa010​;20250411_094227;1;TUG2;0,0108;1,1518;-0,2391;-0,0431;-0,2468;0,0085;-0,9681;;False
726,84;67.35;pa010​;20250411_094227;1;TUG2;0,0098;1,1494;-0,2333;-0,0506;-0,2326;0,0118;-0,9712;;False
726,85;67.36;pa010​;20250411_094227;1;TUG2;0,0088;1,1471;-0,2273;-0,0575;-0,2180;0,0151;-0,9741;;False
726,86;67.37;pa010​;20250411_094227;1;TUG2;0,0079;1,1448;-0,2209;-0,0636;-0,2033;0,0188;-0,9769;;False
726,88;67.39;pa010​;20250411_094227;1;TUG2;0,0070;1,1424;-0,2142;-0,0693;-0,1890;0,0226;-0,9793;;False
726,89;67.4;pa010​;20250411_094227;1;TUG2;0,0062;1,1399;-0,2071;-0,0743;-0,1749;0,0260;-0,9814;;False
726,91;67.42;pa010​;20250411_094227;1;TUG2;0,0056;1,1371;-0,1998;-0,0799;-0,1616;0,0298;-0,9832;;False
726,92;67.43;pa010​;20250411_094227;1;TUG2;0,0051;1,1341;-0,1923;-0,0861;-0,1499;0,0332;-0,9844;;False
726,93;67.44;pa010​;20250411_094227;1;TUG2;0,0050;1,1308;-0,1848;-0,0935;-0,1400;0,0355;-0,9851;;False
726,95;67.46;pa010​;20250411_094227;1;TUG2;0,0052;1,1273;-0,1770;-0,1021;-0,1321;0,0376;-0,9852;;False
726,96;67.47;pa010​;20250411_094227;1;TUG2;0,0057;1,1238;-0,1690;-0,1112;-0,1263;0,0399;-0,9849;;False
726,98;67.48;pa010​;20250411_094227;1;TUG2;0,0065;1,1202;-0,1609;-0,1195;-0,1212;0,0431;-0,9845;;False
726,99;67.5;pa010​;20250411_094227;1;TUG2;0,0074;1,1167;-0,1526;-0,1273;-0,1173;0,0457;-0,9838;;False
727,00;67.51;pa010​;20250411_094227;1;TUG2;0,0085;1,1130;-0,1439;-0,1339;-0,1134;0,0485;-0,9833;;False
727,02;67.53;pa010​;20250411_094227;1;TUG2;0,0095;1,1094;-0,1350;-0,1397;-0,1106;0,0509;-0,9827;;False
727,03;67.54;pa010​;20250411_094227;1;TUG2;0,0107;1,1057;-0,1259;-0,1451;-0,1088;0,0526;-0,9820;;False
727,05;67.55;pa010​;20250411_094227;1;TUG2;0,0122;1,1017;-0,1169;-0,1516;-0,1075;0,0540;-0,9811;;False
727,06;67.57;pa010​;20250411_094227;1;TUG2;0,0136;1,0976;-0,1078;-0,1596;-0,1071;0,0541;-0,9799;;False
727,07;67.58;pa010​;20250411_094227;1;TUG2;0,0153;1,0936;-0,0984;-0,1679;-0,1071;0,0541;-0,9785;;False
727,09;67.6;pa010​;20250411_094227;1;TUG2;0,0168;1,0896;-0,0886;-0,1758;-0,1073;0,0540;-0,9771;;False
727,10;67.61;pa010​;20250411_094227;1;TUG2;0,0185;1,0854;-0,0786;-0,1826;-0,1076;0,0545;-0,9758;;False
727,11;67.62;pa010​;20250411_094227;1;TUG2;0,0203;1,0812;-0,0681;-0,1893;-0,1075;0,0551;-0,9745;;False
727,13;67.64;pa010​;20250411_094227;1;TUG2;0,0220;1,0766;-0,0574;-0,1960;-0,1074;0,0554;-0,9731;;False
727,14;67.65;pa010​;20250411_094227;1;TUG2;0,0240;1,0716;-0,0462;-0,2029;-0,1064;0,0564;-0,9718;;False
727,16;67.66;pa010​;20250411_094227;1;TUG2;0,0260;1,0661;-0,0349;-0,2095;-0,1055;0,0584;-0,9703;;False
727,17;67.68;pa010​;20250411_094227;1;TUG2;0,0278;1,0605;-0,0232;-0,2163;-0,1057;0,0601;-0,9687;;False
727,18;67.69;pa010​;20250411_094227;1;TUG2;0,0298;1,0547;-0,0112;-0,2225;-0,1067;0,0615;-0,9671;;False
727,20;67.71;pa010​;20250411_094227;1;TUG2;0,0319;1,0488;0,0012;-0,2283;-0,1077;0,0626;-0,9656;;False
727,21;67.72;pa010​;20250411_094227;1;TUG2;0,0340;1,0427;0,0137;-0,2343;-0,1082;0,0622;-0,9641;;False
727,23;67.73;pa010​;20250411_094227;1;TUG2;0,0362;1,0363;0,0262;-0,2407;-0,1087;0,0613;-0,9626;;False
727,24;67.75;pa010​;20250411_094227;1;TUG2;0,0385;1,0299;0,0391;-0,2468;-0,1100;0,0619;-0,9608;;False
727,25;67.76;pa010​;20250411_094227;1;TUG2;0,0409;1,0234;0,0521;-0,2518;-0,1113;0,0623;-0,9593;;False
727,27;67.78;pa010​;20250411_094227;1;TUG2;0,0432;1,0168;0,0650;-0,2555;-0,1129;0,0636;-0,9581;;False
727,28;67.79;pa010​;20250411_094227;1;TUG2;0,0455;1,0101;0,0776;-0,2605;-0,1141;0,0643;-0,9566;;False
727,30;67.8;pa010​;20250411_094227;1;TUG2;0,0477;1,0034;0,0901;-0,2657;-0,1151;0,0655;-0,9549;;False
727,31;67.82;pa010​;20250411_094227;1;TUG2;0,0499;0,9973;0,1027;-0,2717;-0,1156;0,0657;-0,9531;;False
727,32;67.83;pa010​;20250411_094227;1;TUG2;0,0522;0,9915;0,1154;-0,2769;-0,1157;0,0661;-0,9516;;False
727,34;67.85;pa010​;20250411_094227;1;TUG2;0,0542;0,9863;0,1279;-0,2815;-0,1169;0,0668;-0,9501;;False
727,35;67.86;pa010​;20250411_094227;1;TUG2;0,0562;0,9818;0,1403;-0,2856;-0,1178;0,0676;-0,9487;;False
727,37;67.87;pa010​;20250411_094227;1;TUG2;0,0581;0,9777;0,1524;-0,2889;-0,1183;0,0671;-0,9477;;False
727,38;67.89;pa010​;20250411_094227;1;TUG2;0,0600;0,9743;0,1641;-0,2928;-0,1184;0,0665;-0,9465;;False
727,39;67.9;pa010​;20250411_094227;1;TUG2;0,0618;0,9718;0,1756;-0,2965;-0,1188;0,0651;-0,9454;;False
727,41;67.91;pa010​;20250411_094227;1;TUG2;0,0637;0,9697;0,1869;-0,2989;-0,1196;0,0641;-0,9446;;False
727,42;67.93;pa010​;20250411_094227;1;TUG2;0,0658;0,9684;0,1976;-0,3005;-0,1195;0,0634;-0,9441;;False
727,43;67.94;pa010​;20250411_094227;1;TUG2;0,0677;0,9677;0,2079;-0,3019;-0,1186;0,0632;-0,9438;;False
727,45;67.96;pa010​;20250411_094227;1;TUG2;0,0694;0,9677;0,2175;-0,3037;-0,1172;0,0637;-0,9434;;False
727,46;67.97;pa010​;20250411_094227;1;TUG2;0,0711;0,9685;0,2265;-0,3060;-0,1158;0,0652;-0,9427;;False
727,48;67.98;pa010​;20250411_094227;1;TUG2;0,0730;0,9700;0,2348;-0,3084;-0,1149;0,0670;-0,9419;;False
727,49;68.0;pa010​;20250411_094227;1;TUG2;0,0748;0,9724;0,2428;-0,3099;-0,1145;0,0681;-0,9414;;False
727,50;68.01;pa010​;20250411_094227;1;TUG2;0,0771;0,9758;0,2505;-0,3091;-0,1141;0,0693;-0,9416;;False
727,52;68.03;pa010​;20250411_094227;1;TUG2;0,0793;0,9798;0,2579;-0,3075;-0,1142;0,0709;-0,9420;;False
727,53;68.04;pa010​;20250411_094227;1;TUG2;0,0814;0,9846;0,2651;-0,3053;-0,1142;0,0730;-0,9425;;False
727,54;68.05;pa010​;20250411_094227;1;TUG2;0,0834;0,9901;0,2721;-0,3032;-0,1135;0,0754;-0,9431;;False
727,56;68.07;pa010​;20250411_094227;1;TUG2;0,0855;0,9962;0,2789;-0,2998;-0,1124;0,0781;-0,9441;;False
727,57;68.08;pa010​;20250411_094227;1;TUG2;0,0875;1,0030;0,2855;-0,2966;-0,1110;0,0815;-0,9450;;False
727,59;68.1;pa010​;20250411_094227;1;TUG2;0,0895;1,0102;0,2918;-0,2929;-0,1097;0,0848;-0,9460;;False
727,60;68.11;pa010​;20250411_094227;1;TUG2;0,0915;1,0178;0,2979;-0,2896;-0,1079;0,0875;-0,9470;;False
727,61;68.12;pa010​;20250411_094227;1;TUG2;0,0936;1,0259;0,3037;-0,2867;-0,1065;0,0900;-0,9478;;False
727,63;68.14;pa010​;20250411_094227;1;TUG2;0,0961;1,0344;0,3093;-0,2844;-0,1053;0,0927;-0,9484;;False
727,64;68.15;pa010​;20250411_094227;1;TUG2;0,0986;1,0431;0,3147;-0,2816;-0,1040;0,0950;-0,9491;;False
727,66;68.17;pa010​;20250411_094227;1;TUG2;0,1012;1,0523;0,3197;-0,2793;-0,1030;0,0973;-0,9497;;False
727,67;68.18;pa010​;20250411_094227;1;TUG2;0,1043;1,0621;0,3247;-0,2779;-0,1027;0,1003;-0,9498;;False
727,68;68.19;pa010​;20250411_094227;1;TUG2;0,1075;1,0722;0,3295;-0,2758;-0,1023;0,1027;-0,9502;;False
727,70;68.21;pa010​;20250411_094227;1;TUG2;0,1111;1,0828;0,3341;-0,2723;-0,1026;0,1054;-0,9509;;False
727,71;68.22;pa010​;20250411_094227;1;TUG2;0,1147;1,0938;0,3387;-0,2688;-0,1035;0,1078;-0,9515;;False
727,73;68.23;pa010​;20250411_094227;1;TUG2;0,1185;1,1051;0,3429;-0,2645;-0,1045;0,1101;-0,9524;;False
727,74;68.25;pa010​;20250411_094227;1;TUG2;0,1224;1,1168;0,3470;-0,2612;-0,1060;0,1128;-0,9528;;False
727,75;68.26;pa010​;20250411_094227;1;TUG2;0,1262;1,1286;0,3508;-0,2583;-0,1068;0,1149;-0,9532;;False
727,77;68.28;pa010​;20250411_094227;1;TUG2;0,1301;1,1406;0,3545;-0,2547;-0,1073;0,1172;-0,9539;;False
727,78;68.29;pa010​;20250411_094227;1;TUG2;0,1344;1,1529;0,3582;-0,2506;-0,1080;0,1203;-0,9545;;False
727,80;68.3;pa010​;20250411_094227;1;TUG2;0,1388;1,1650;0,3618;-0,2447;-0,1088;0,1229;-0,9556;;False
727,81;68.32;pa010​;20250411_094227;1;TUG2;0,1433;1,1770;0,3654;-0,2382;-0,1097;0,1249;-0,9569;;False
727,82;68.33;pa010​;20250411_094227;1;TUG2;0,1481;1,1888;0,3685;-0,2315;-0,1109;0,1266;-0,9582;;False
727,84;68.35;pa010​;20250411_094227;1;TUG2;0,1528;1,2004;0,3715;-0,2256;-0,1126;0,1279;-0,9592;;False
727,85;68.36;pa010​;20250411_094227;1;TUG2;0,1575;1,2121;0,3741;-0,2212;-0,1141;0,1286;-0,9599;;False
727,86;68.37;pa010​;20250411_094227;1;TUG2;0,1621;1,2237;0,3766;-0,2173;-0,1159;0,1295;-0,9605;;False
727,88;68.39;pa010​;20250411_094227;1;TUG2;0,1668;1,2349;0,3790;-0,2130;-0,1170;0,1299;-0,9613;;False
727,89;68.4;pa010​;20250411_094227;1;TUG2;0,1714;1,2457;0,3812;-0,2081;-0,1187;0,1306;-0,9620;;False
727,91;68.42;pa010​;20250411_094227;1;TUG2;0,1761;1,2563;0,3834;-0,2034;-0,1211;0,1321;-0,9626;;False
727,92;68.43;pa010​;20250411_094227;1;TUG2;0,1805;1,2665;0,3852;-0,1984;-0,1239;0,1339;-0,9630;;False
727,94;68.44;pa010​;20250411_094227;1;TUG2;0,1846;1,2765;0,3872;-0,1949;-0,1266;0,1353;-0,9632;;False
727,95;68.46;pa010​;20250411_094227;1;TUG2;0,1883;1,2862;0,3892;-0,1918;-0,1283;0,1358;-0,9635;;False
727,96;68.47;pa010​;20250411_094227;1;TUG2;0,1915;1,2953;0,3912;-0,1886;-0,1293;0,1359;-0,9640;;False
727,98;68.48;pa010​;20250411_094227;1;TUG2;0,1944;1,3038;0,3935;-0,1873;-0,1294;0,1348;-0,9644;;False
727,99;68.5;pa010​;20250411_094227;1;TUG2;0,1969;1,3116;0,3957;-0,1878;-0,1297;0,1328;-0,9645;;False
728,00;68.51;pa010​;20250411_094227;1;TUG2;0,1991;1,3190;0,3979;-0,1909;-0,1293;0,1311;-0,9642;;False
728,02;68.53;pa010​;20250411_094227;1;TUG2;0,2013;1,3255;0,4008;-0,1941;-0,1302;0,1283;-0,9638;;False
728,03;68.54;pa010​;20250411_094227;1;TUG2;0,2035;1,3320;0,4037;-0,1969;-0,1312;0,1254;-0,9635;;False
728,04;68.55;pa010​;20250411_094227;1;TUG2;0,2056;1,3382;0,4072;-0,1993;-0,1325;0,1218;-0,9633;;False
728,06;68.57;pa010​;20250411_094227;1;TUG2;0,2075;1,3438;0,4110;-0,2022;-0,1335;0,1187;-0,9629;;False
728,07;68.58;pa010​;20250411_094227;1;TUG2;0,2091;1,3487;0,4150;-0,2063;-0,1346;0,1156;-0,9623;;False
728,09;68.6;pa010​;20250411_094227;1;TUG2;0,2108;1,3529;0,4193;-0,2111;-0,1354;0,1129;-0,9614;;False
728,10;68.61;pa010​;20250411_094227;1;TUG2;0,2124;1,3566;0,4240;-0,2147;-0,1364;0,1108;-0,9607;;False
728,11;68.62;pa010​;20250411_094227;1;TUG2;0,2138;1,3604;0,4296;-0,2151;-0,1381;0,1077;-0,9608;;False
728,13;68.64;pa010​;20250411_094227;1;TUG2;0,2154;1,3644;0,4359;-0,2129;-0,1393;0,1049;-0,9614;;False
728,14;68.65;pa010​;20250411_094227;1;TUG2;0,2167;1,3680;0,4423;-0,2101;-0,1402;0,1026;-0,9621;;False
728,16;68.67;pa010​;20250411_094227;1;TUG2;0,2175;1,3707;0,4488;-0,2093;-0,1399;0,1002;-0,9626;;False
728,17;68.68;pa010​;20250411_094227;1;TUG2;0,2181;1,3729;0,4555;-0,2105;-0,1387;0,0977;-0,9628;;False
728,18;68.69;pa010​;20250411_094227;1;TUG2;0,2185;1,3746;0,4628;-0,2128;-0,1374;0,0958;-0,9626;;False
728,20;68.71;pa010​;20250411_094227;1;TUG2;0,2189;1,3755;0,4704;-0,2151;-0,1357;0,0939;-0,9625;;False
728,21;68.72;pa010​;20250411_094227;1;TUG2;0,2194;1,3759;0,4785;-0,2185;-0,1336;0,0918;-0,9623;;False
728,23;68.73;pa010​;20250411_094227;1;TUG2;0,2199;1,3760;0,4869;-0,2218;-0,1322;0,0901;-0,9619;;False
728,24;68.75;pa010​;20250411_094227;1;TUG2;0,2204;1,3759;0,4960;-0,2230;-0,1312;0,0876;-0,9620;;False
728,25;68.76;pa010​;20250411_094227;1;TUG2;0,2210;1,3760;0,5059;-0,2216;-0,1299;0,0850;-0,9627;;False
728,27;68.78;pa010​;20250411_094227;1;TUG2;0,2215;1,3758;0,5161;-0,2185;-0,1286;0,0824;-0,9638;;False
728,28;68.79;pa010​;20250411_094227;1;TUG2;0,2218;1,3754;0,5267;-0,2150;-0,1275;0,0804;-0,9649;;False
728,30;68.81;pa010​;20250411_094227;1;TUG2;0,2219;1,3748;0,5375;-0,2119;-0,1262;0,0787;-0,9659;;False
728,31;68.82;pa010​;20250411_094227;1;TUG2;0,2220;1,3742;0,5487;-0,2095;-0,1241;0,0766;-0,9669;;False
728,32;68.83;pa010​;20250411_094227;1;TUG2;0,2220;1,3735;0,5605;-0,2065;-0,1218;0,0739;-0,9680;;False
728,34;68.85;pa010​;20250411_094227;1;TUG2;0,2220;1,3728;0,5729;-0,2026;-0,1193;0,0702;-0,9694;;False
728,35;68.86;pa010​;20250411_094227;1;TUG2;0,2220;1,3719;0,5854;-0,1986;-0,1173;0,0670;-0,9707;;False
728,37;68.87;pa010​;20250411_094227;1;TUG2;0,2219;1,3709;0,5980;-0,1957;-0,1158;0,0629;-0,9718;;False
728,38;68.89;pa010​;20250411_094227;1;TUG2;0,2220;1,3701;0,6107;-0,1930;-0,1146;0,0599;-0,9726;;False
728,39;68.9;pa010​;20250411_094227;1;TUG2;0,2220;1,3701;0,6240;-0,1915;-0,1160;0,0573;-0,9729;;False
728,41;68.91;pa010​;20250411_094227;1;TUG2;0,2220;1,3702;0,6373;-0,1881;-0,1173;0,0547;-0,9736;;False
728,42;68.93;pa010​;20250411_094227;1;TUG2;0,2221;1,3716;0,6509;-0,1876;-0,1184;0,0514;-0,9737;;False
728,43;68.94;pa010​;20250411_094227;1;TUG2;0,2223;1,3748;0,6658;-0,1875;-0,1195;0,0481;-0,9738;;False
728,45;68.96;pa010​;20250411_094227;1;TUG2;0,2222;1,3769;0,6804;-0,1748;-0,1215;0,0452;-0,9760;;False
728,46;68.97;pa010​;20250411_094227;1;TUG2;0,2220;1,3799;0,6946;-0,1727;-0,1202;0,0418;-0,9767;;False
728,48;68.98;pa010​;20250411_094227;1;TUG2;0,2216;1,3836;0,7084;-0,1726;-0,1171;0,0399;-0,9772;;False
728,49;69.0;pa010​;20250411_094227;1;TUG2;0,2218;1,3880;0,7222;-0,1770;-0,1145;0,0400;-0,9767;;False
728,50;69.01;pa010​;20250411_094227;1;TUG2;0,2224;1,3932;0,7358;-0,1798;-0,1127;0,0396;-0,9764;;False
728,52;69.03;pa010​;20250411_094227;1;TUG2;0,2232;1,3980;0,7488;-0,1797;-0,1117;0,0399;-0,9765;;False
728,53;69.04;pa010​;20250411_094227;1;TUG2;0,2237;1,4022;0,7608;-0,1817;-0,1101;0,0417;-0,9763;;False
728,54;69.05;pa010​;20250411_094227;1;TUG2;0,2243;1,4064;0,7730;-0,1867;-0,1078;0,0435;-0,9755;;False
728,56;69.07;pa010​;20250411_094227;1;TUG2;0,2252;1,4100;0,7851;-0,1932;-0,1043;0,0441;-0,9746;;False
728,57;69.08;pa010​;20250411_094227;1;TUG2;0,2262;1,4138;0,7973;-0,2004;-0,1008;0,0443;-0,9735;;False
728,59;69.1;pa010​;20250411_094227;1;TUG2;0,2273;1,4174;0,8098;-0,2081;-0,0976;0,0444;-0,9722;;False
728,60;69.11;pa010​;20250411_094227;1;TUG2;0,2293;1,4214;0,8232;-0,2183;-0,0921;0,0448;-0,9705;;False
728,61;69.12;pa010​;20250411_094227;1;TUG2;0,2303;1,4238;0,8363;-0,2212;-0,0912;0,0430;-0,9700;;False
728,63;69.14;pa010​;20250411_094227;1;TUG2;0,2319;1,4266;0,8505;-0,2245;-0,0878;0,0400;-0,9697;;False
728,64;69.15;pa010​;20250411_094227;1;TUG2;0,2336;1,4284;0,8647;-0,2268;-0,0845;0,0376;-0,9695;;False
728,66;69.17;pa010​;20250411_094227;1;TUG2;0,2354;1,4293;0,8786;-0,2300;-0,0810;0,0368;-0,9691;;False
728,67;69.18;pa010​;20250411_094227;1;TUG2;0,2375;1,4295;0,8930;-0,2356;-0,0768;0,0373;-0,9681;;False
728,68;69.19;pa010​;20250411_094227;1;TUG2;0,2397;1,4289;0,9072;-0,2412;-0,0723;0,0387;-0,9670;;False
728,70;69.21;pa010​;20250411_094227;1;TUG2;0,2413;1,4285;0,9215;-0,2509;-0,0710;0,0403;-0,9646;;False
728,71;69.22;pa010​;20250411_094227;1;TUG2;0,2443;1,4254;0,9354;-0,2539;-0,0656;0,0439;-0,9640;;False
728,73;69.23;pa010​;20250411_094227;1;TUG2;0,2466;1,4231;0,9500;-0,2625;-0,0628;0,0463;-0,9618;;False
728,74;69.25;pa010​;20250411_094227;1;TUG2;0,2496;1,4200;0,9649;-0,2683;-0,0583;0,0476;-0,9604;;False
728,75;69.26;pa010​;20250411_094227;1;TUG2;0,2526;1,4168;0,9802;-0,2716;-0,0552;0,0486;-0,9596;;False
728,77;69.28;pa010​;20250411_094227;1;TUG2;0,2558;1,4136;0,9957;-0,2728;-0,0527;0,0490;-0,9594;;False
728,78;69.29;pa010​;20250411_094227;1;TUG2;0,2596;1,4106;1,0111;-0,2726;-0,0509;0,0500;-0,9595;;False
728,80;69.31;pa010​;20250411_094227;1;TUG2;0,2640;1,4079;1,0269;-0,2714;-0,0496;0,0505;-0,9599;;False
728,81;69.32;pa010​;20250411_094227;1;TUG2;0,2687;1,4051;1,0429;-0,2698;-0,0484;0,0506;-0,9604;;False
728,82;69.33;pa010​;20250411_094227;1;TUG2;0,2734;1,4020;1,0594;-0,2672;-0,0474;0,0505;-0,9612;;False
728,84;69.35;pa010​;20250411_094227;1;TUG2;0,2785;1,3988;1,0760;-0,2649;-0,0448;0,0499;-0,9619;;False
728,85;69.36;pa010​;20250411_094227;1;TUG2;0,2840;1,3959;1,0924;-0,2654;-0,0400;0,0492;-0,9621;;False
728,87;69.38;pa010​;20250411_094227;1;TUG2;0,2901;1,3935;1,1082;-0,2693;-0,0350;0,0508;-0,9611;;False
728,88;69.39;pa010​;20250411_094227;1;TUG2;0,2965;1,3913;1,1240;-0,2724;-0,0310;0,0537;-0,9602;;False
728,89;69.4;pa010​;20250411_094227;1;TUG2;0,3033;1,3900;1,1397;-0,2762;-0,0283;0,0583;-0,9589;;False
728,91;69.41;pa010​;20250411_094227;1;TUG2;0,3104;1,3900;1,1562;-0,2785;-0,0261;0,0620;-0,9581;;False
728,92;69.43;pa010​;20250411_094227;1;TUG2;0,3178;1,3915;1,1743;-0,2818;-0,0215;0,0627;-0,9572;;False
728,93;69.44;pa010​;20250411_094227;1;TUG2;0,3253;1,3950;1,1935;-0,2783;-0,0139;0,0585;-0,9586;;False
728,95;69.46;pa010​;20250411_094227;1;TUG2;0,3328;1,3965;1,2130;-0,2696;-0,0082;0,0580;-0,9612;;False
728,96;69.47;pa010​;20250411_094227;1;TUG2;0,3408;1,4002;1,2316;-0,2695;-0,0026;0,0569;-0,9613;;False
728,98;69.48;pa010​;20250411_094227;1;TUG2;0,3487;1,4016;1,2503;-0,2614;0,0007;0,0583;-0,9635;;False
728,99;69.5;pa010​;20250411_094227;1;TUG2;0,3565;1,4022;1,2680;-0,2556;-0,0004;0,0652;-0,9646;;False
729,00;69.51;pa010​;20250411_094227;1;TUG2;0,3638;1,4021;1,2850;-0,2556;-0,0045;0,0734;-0,9640;;False
729,02;69.53;pa010​;20250411_094227;1;TUG2;0,3697;1,4025;1,3026;-0,2646;-0,0097;0,0770;-0,9612;;False
729,03;69.54;pa010​;20250411_094227;1;TUG2;0,3751;1,4026;1,3203;-0,2751;-0,0104;0,0761;-0,9583;;False
729,04;69.55;pa010​;20250411_094227;1;TUG2;0,3798;1,4031;1,3379;-0,2868;-0,0087;0,0727;-0,9552;;False
729,06;69.57;pa010​;20250411_094227;1;TUG2;0,3842;1,4042;1,3558;-0,2984;-0,0075;0,0704;-0,9518;;False
729,07;69.58;pa010​;20250411_094227;1;TUG2;0,3887;1,4065;1,3746;-0,3072;-0,0072;0,0683;-0,9492;;False
729,09;69.6;pa010​;20250411_094227;1;TUG2;0,3930;1,4096;1,3940;-0,3098;-0,0060;0,0652;-0,9485;;False
729,10;69.61;pa010​;20250411_094227;1;TUG2;0,3971;1,4129;1,4134;-0,3080;-0,0042;0,0627;-0,9493;;False
729,11;69.62;pa010​;20250411_094227;1;TUG2;0,4010;1,4161;1,4322;-0,3054;-0,0026;0,0612;-0,9502;;False
729,13;69.64;pa010​;20250411_094227;1;TUG2;0,4049;1,4189;1,4503;-0,3025;-0,0003;0,0598;-0,9513;;False
729,14;69.65;pa010​;20250411_094227;1;TUG2;0,4088;1,4213;1,4685;-0,3003;0,0026;0,0587;-0,9520;;False
729,16;69.66;pa010​;20250411_094227;1;TUG2;0,4127;1,4234;1,4866;-0,2982;0,0058;0,0569;-0,9528;;False
729,17;69.68;pa010​;20250411_094227;1;TUG2;0,4166;1,4249;1,5048;-0,2957;0,0092;0,0545;-0,9537;;False
729,18;69.69;pa010​;20250411_094227;1;TUG2;0,4207;1,4258;1,5230;-0,2923;0,0128;0,0527;-0,9548;;False
729,20;69.71;pa010​;20250411_094227;1;TUG2;0,4248;1,4260;1,5413;-0,2884;0,0165;0,0510;-0,9560;;False
729,21;69.72;pa010​;20250411_094227;1;TUG2;0,4289;1,4254;1,5596;-0,2853;0,0189;0,0505;-0,9569;;False
729,23;69.74;pa010​;20250411_094227;1;TUG2;0,4330;1,4243;1,5780;-0,2827;0,0215;0,0497;-0,9577;;False
729,24;69.75;pa010​;20250411_094227;1;TUG2;0,4371;1,4228;1,5964;-0,2802;0,0235;0,0493;-0,9584;;False
729,25;69.76;pa010​;20250411_094227;1;TUG2;0,4411;1,4210;1,6147;-0,2782;0,0257;0,0494;-0,9589;;False
729,27;69.78;pa010​;20250411_094227;1;TUG2;0,4448;1,4191;1,6329;-0,2758;0,0270;0,0495;-0,9596;;False
729,28;69.79;pa010​;20250411_094227;1;TUG2;0,4484;1,4168;1,6512;-0,2723;0,0274;0,0496;-0,9605;;False
729,30;69.8;pa010​;20250411_094227;1;TUG2;0,4519;1,4142;1,6692;-0,2691;0,0268;0,0492;-0,9615;;False
729,31;69.82;pa010​;20250411_094227;1;TUG2;0,4553;1,4120;1,6872;-0,2678;0,0263;0,0482;-0,9619;;False
729,32;69.83;pa010​;20250411_094227;1;TUG2;0,4580;1,4100;1,7051;-0,2670;0,0243;0,0479;-0,9622;;False
729,34;69.85;pa010​;20250411_094227;1;TUG2;0,4606;1,4086;1,7231;-0,2677;0,0230;0,0465;-0,9621;;False
729,35;69.86;pa010​;20250411_094227;1;TUG2;0,4628;1,4073;1,7411;-0,2668;0,0209;0,0452;-0,9625;;False
729,37;69.88;pa010​;20250411_094227;1;TUG2;0,4650;1,4070;1,7598;-0,2657;0,0193;0,0430;-0,9629;;False
729,38;69.89;pa010​;20250411_094227;1;TUG2;0,4670;1,4071;1,7789;-0,2605;0,0164;0,0426;-0,9644;;False
729,39;69.9;pa010​;20250411_094227;1;TUG2;0,4693;1,4090;1,7990;-0,2584;0,0142;0,0415;-0,9650;;False
729,41;69.92;pa010​;20250411_094227;1;TUG2;0,4712;1,4111;1,8196;-0,2482;0,0097;0,0426;-0,9677;;False
729,42;69.93;pa010​;20250411_094227;1;TUG2;0,4726;1,4129;1,8399;-0,2402;0,0080;0,0416;-0,9698;;False
729,43;69.94;pa010​;20250411_094227;1;TUG2;0,4734;1,4149;1,8594;-0,2362;0,0091;0,0387;-0,9709;;False
729,45;69.96;pa010​;20250411_094227;1;TUG2;0,4734;1,4150;1,8780;-0,2293;0,0129;0,0357;-0,9726;;False
729,46;69.97;pa010​;20250411_094227;1;TUG2;0,4737;1,4149;1,8955;-0,2279;0,0212;0,0299;-0,9730;;False
729,48;69.98;pa010​;20250411_094227;1;TUG2;0,4750;1,4146;1,9123;-0,2334;0,0302;0,0276;-0,9715;;False
729,49;70.0;pa010​;20250411_094227;1;TUG2;0,4767;1,4153;1,9289;-0,2428;0,0362;0,0294;-0,9689;;False
729,50;70.01;pa010​;20250411_094227;1;TUG2;0,4786;1,4163;1,9457;-0,2519;0,0414;0,0336;-0,9663;;False
729,52;70.03;pa010​;20250411_094227;1;TUG2;0,4806;1,4178;1,9623;-0,2573;0,0461;0,0363;-0,9646;;False
729,53;70.04;pa010​;20250411_094227;1;TUG2;0,4825;1,4205;1,9795;-0,2614;0,0525;0,0346;-0,9632;;False
729,54;70.05;pa010​;20250411_094227;1;TUG2;0,4842;1,4238;1,9974;-0,2613;0,0585;0,0331;-0,9629;;False
729,56;70.07;pa010​;20250411_094227;1;TUG2;0,4859;1,4276;2,0155;-0,2586;0,0627;0,0325;-0,9634;;False
729,57;70.08;pa010​;20250411_094227;1;TUG2;0,4877;1,4309;2,0333;-0,2549;0,0663;0,0317;-0,9642;;False
729,59;70.1;pa010​;20250411_094227;1;TUG2;0,4894;1,4335;2,0507;-0,2521;0,0696;0,0308;-0,9647;;False
729,60;70.11;pa010​;20250411_094227;1;TUG2;0,4908;1,4358;2,0679;-0,2506;0,0731;0,0295;-0,9649;;False
729,61;70.12;pa010​;20250411_094227;1;TUG2;0,4919;1,4373;2,0851;-0,2507;0,0771;0,0286;-0,9646;;False
729,63;70.14;pa010​;20250411_094227;1;TUG2;0,4928;1,4383;2,1021;-0,2519;0,0817;0,0273;-0,9639;;False
729,64;70.15;pa010​;20250411_094227;1;TUG2;0,4934;1,4385;2,1191;-0,2538;0,0865;0,0260;-0,9630;;False
729,66;70.17;pa010​;20250411_094227;1;TUG2;0,4938;1,4382;2,1362;-0,2567;0,0921;0,0239;-0,9618;;False
729,67;70.18;pa010​;20250411_094227;1;TUG2;0,4941;1,4374;2,1534;-0,2602;0,0983;0,0210;-0,9603;;False
729,68;70.19;pa010​;20250411_094227;1;TUG2;0,4939;1,4362;2,1708;-0,2626;0,1045;0,0172;-0,9591;;False
729,70;70.21;pa010​;20250411_094227;1;TUG2;0,4936;1,4346;2,1884;-0,2640;0,1124;0,0135;-0,9579;;False
729,71;70.22;pa010​;20250411_094227;1;TUG2;0,4928;1,4328;2,2060;-0,2639;0,1213;0,0099;-0,9568;;False
729,73;70.24;pa010​;20250411_094227;1;TUG2;0,4918;1,4306;2,2236;-0,2620;0,1311;0,0067;-0,9561;;False
729,74;70.25;pa010​;20250411_094227;1;TUG2;0,4907;1,4280;2,2410;-0,2597;0,1408;0,0035;-0,9554;;False
729,75;70.26;pa010​;20250411_094227;1;TUG2;0,4894;1,4251;2,2581;-0,2576;0,1511;0,0002;-0,9544;;False
729,77;70.28;pa010​;20250411_094227;1;TUG2;0,4882;1,4218;2,2749;-0,2566;0,1625;-0,0028;-0,9528;;False
729,78;70.29;pa010​;20250411_094227;1;TUG2;0,4870;1,4183;2,2913;-0,2577;0,1738;-0,0050;-0,9505;;False
729,80;70.3;pa010​;20250411_094227;1;TUG2;0,4860;1,4148;2,3077;-0,2599;0,1851;-0,0075;-0,9477;;False
729,81;70.32;pa010​;20250411_094227;1;TUG2;0,4850;1,4112;2,3237;-0,2610;0,1946;-0,0090;-0,9455;;False
729,82;70.33;pa010​;20250411_094227;1;TUG2;0,4843;1,4082;2,3400;-0,2630;0,2038;-0,0107;-0,9430;;False
729,84;70.35;pa010​;20250411_094227;1;TUG2;0,4835;1,4056;2,3566;-0,2616;0,2119;-0,0148;-0,9415;;False
729,85;70.36;pa010​;20250411_094227;1;TUG2;0,4826;1,4030;2,3731;-0,2578;0,2206;-0,0194;-0,9405;;False
729,87;70.37;pa010​;20250411_094227;1;TUG2;0,4814;1,4012;2,3898;-0,2574;0,2305;-0,0273;-0,9380;;False
729,88;70.39;pa010​;20250411_094227;1;TUG2;0,4801;1,3998;2,4061;-0,2525;0,2414;-0,0339;-0,9364;;False
729,89;70.4;pa010​;20250411_094227;1;TUG2;0,4785;1,3982;2,4226;-0,2499;0,2522;-0,0380;-0,9341;;False
729,91;70.41;pa010​;20250411_094227;1;TUG2;0,4772;1,3977;2,4394;-0,2499;0,2625;-0,0413;-0,9311;;False
729,92;70.43;pa010​;20250411_094227;1;TUG2;0,4761;1,3964;2,4565;-0,2472;0,2706;-0,0396;-0,9296;;False
729,93;70.44;pa010​;20250411_094227;1;TUG2;0,4748;1,3964;2,4738;-0,2517;0,2771;-0,0385;-0,9265;;False
729,95;70.46;pa010​;20250411_094227;1;TUG2;0,4731;1,3951;2,4905;-0,2526;0,2815;-0,0342;-0,9251;;False
729,96;70.47;pa010​;20250411_094227;1;TUG2;0,4708;1,3944;2,5068;-0,2602;0,2858;-0,0312;-0,9218;;False
729,98;70.48;pa010​;20250411_094227;1;TUG2;0,4673;1,3935;2,5225;-0,2660;0,2914;-0,0316;-0,9183;;False
729,99;70.5;pa010​;20250411_094227;1;TUG2;0,4628;1,3932;2,5372;-0,2758;0,2980;-0,0349;-0,9132;Collision avec Droite1 - Objet Parent Plot1;False
730,00;70.51;pa010​;20250411_094227;1;TUG2;0,4580;1,3936;2,5513;-0,2869;0,3066;-0,0405;-0,9067;Collision avec Droite1 - Objet Parent Plot1;False
730,02;70.53;pa010​;20250411_094227;1;TUG2;0,4528;1,3943;2,5650;-0,2970;0,3146;-0,0467;-0,9003;Collision avec Droite1 - Objet Parent Plot1;False
730,03;70.54;pa010​;20250411_094227;1;TUG2;0,4474;1,3956;2,5788;-0,3046;0,3229;-0,0541;-0,8944;Collision avec Droite1 - Objet Parent Plot1;False
730,04;70.55;pa010​;20250411_094227;1;TUG2;0,4417;1,3973;2,5925;-0,3098;0,3312;-0,0616;-0,8891;Collision avec Droite1 - Objet Parent Plot1;False
730,06;70.57;pa010​;20250411_094227;1;TUG2;0,4355;1,3995;2,6063;-0,3118;0,3394;-0,0678;-0,8849;Collision avec Droite1 - Objet Parent Plot1;False
730,07;70.58;pa010​;20250411_094227;1;TUG2;0,4290;1,4015;2,6201;-0,3120;0,3473;-0,0713;-0,8814;Collision avec Droite1 - Objet Parent Plot1;False
730,09;70.6;pa010​;20250411_094227;1;TUG2;0,4226;1,4033;2,6335;-0,3116;0,3548;-0,0732;-0,8785;Collision avec Droite1 - Objet Parent Plot1;False
730,10;70.61;pa010​;20250411_094227;1;TUG2;0,4160;1,4048;2,6464;-0,3117;0,3612;-0,0754;-0,8756;Collision avec Droite1 - Objet Parent Plot1;False
730,11;70.62;pa010​;20250411_094227;1;TUG2;0,4096;1,4057;2,6592;-0,3118;0,3678;-0,0772;-0,8727;Collision avec Droite1 - Objet Parent Plot1;False
730,13;70.64;pa010​;20250411_094227;1;TUG2;0,4029;1,4061;2,6716;-0,3128;0,3746;-0,0795;-0,8692;Collision avec Droite1 - Objet Parent Plot1;False
730,14;70.65;pa010​;20250411_094227;1;TUG2;0,3959;1,4062;2,6837;-0,3144;0,3815;-0,0831;-0,8653;Collision avec Droite1 - Objet Parent Plot1;False
730,16;70.66;pa010​;20250411_094227;1;TUG2;0,3884;1,4058;2,6954;-0,3156;0,3897;-0,0876;-0,8608;Collision avec Droite1 - Objet Parent Plot1;False
730,17;70.68;pa010​;20250411_094227;1;TUG2;0,3808;1,4050;2,7070;-0,3169;0,3979;-0,0917;-0,8560;Collision avec Droite1 - Objet Parent Plot1;False
730,18;70.69;pa010​;20250411_094227;1;TUG2;0,3732;1,4039;2,7187;-0,3185;0,4058;-0,0960;-0,8513;Collision avec Droite1 - Objet Parent Plot1;False
730,20;70.71;pa010​;20250411_094227;1;TUG2;0,3658;1,4022;2,7303;-0,3193;0,4135;-0,0994;-0,8469;Collision avec Droite1 - Objet Parent Plot1;False
730,21;70.72;pa010​;20250411_094227;1;TUG2;0,3584;1,4006;2,7419;-0,3202;0,4197;-0,1022;-0,8431;Collision avec Droite1 - Objet Parent Plot1;False
730,23;70.73;pa010​;20250411_094227;1;TUG2;0,3510;1,3986;2,7533;-0,3206;0,4247;-0,1040;-0,8403;Collision avec Droite1 - Objet Parent Plot1;False
730,24;70.75;pa010​;20250411_094227;1;TUG2;0,3435;1,3966;2,7644;-0,3202;0,4286;-0,1056;-0,8382;Collision avec Droite1 - Objet Parent Plot1;False
730,25;70.76;pa010​;20250411_094227;1;TUG2;0,3359;1,3942;2,7750;-0,3197;0,4316;-0,1066;-0,8367;Collision avec Droite1 - Objet Parent Plot1;False
730,27;70.78;pa010​;20250411_094227;1;TUG2;0,3280;1,3921;2,7848;-0,3195;0,4339;-0,1080;-0,8355;Collision avec Droite1 - Objet Parent Plot1;False
730,28;70.79;pa010​;20250411_094227;1;TUG2;0,3196;1,3899;2,7942;-0,3200;0,4365;-0,1096;-0,8337;Collision avec Droite1 - Objet Parent Plot1;False
730,30;70.81;pa010​;20250411_094227;1;TUG2;0,3107;1,3880;2,8029;-0,3197;0,4388;-0,1121;-0,8323;Collision avec Droite1 - Objet Parent Plot1;False
730,31;70.82;pa010​;20250411_094227;1;TUG2;0,3017;1,3863;2,8116;-0,3192;0,4415;-0,1154;-0,8306;Collision avec Droite1 - Objet Parent Plot1;False
730,32;70.83;pa010​;20250411_094227;1;TUG2;0,2923;1,3849;2,8201;-0,3172;0,4435;-0,1188;-0,8298;Collision avec Droite1 - Objet Parent Plot1;False
730,34;70.85;pa010​;20250411_094227;1;TUG2;0,2823;1,3837;2,8288;-0,3123;0,4455;-0,1214;-0,8303;Collision avec Droite1 - Objet Parent Plot1;False
730,35;70.86;pa010​;20250411_094227;1;TUG2;0,2716;1,3833;2,8372;-0,3061;0,4471;-0,1254;-0,8311;Collision avec Droite1 - Objet Parent Plot1;False
730,36;70.87;pa010​;20250411_094227;1;TUG2;0,2604;1,3826;2,8452;-0,2980;0,4489;-0,1284;-0,8326;Collision avec Droite1 - Objet Parent Plot1;False
730,38;70.89;pa010​;20250411_094227;1;TUG2;0,2484;1,3831;2,8533;-0,2926;0,4515;-0,1335;-0,8323;Collision avec Droite1 - Objet Parent Plot1;False
730,39;70.9;pa010​;20250411_094227;1;TUG2;0,2368;1,3817;2,8606;-0,2827;0,4559;-0,1360;-0,8329;Collision avec Droite1 - Objet Parent Plot1;False
730,41;70.91;pa010​;20250411_094227;1;TUG2;0,2261;1,3805;2,8669;-0,2753;0,4649;-0,1434;-0,8292;Collision avec Chemin1 - Objet Parent Plot1;False
730,42;70.93;pa010​;20250411_094227;1;TUG2;0,2168;1,3785;2,8722;-0,2707;0,4776;-0,1528;-0,8217;Collision avec Chemin1 - Objet Parent Plot1;False
730,43;70.94;pa010​;20250411_094227;1;TUG2;0,2081;1,3771;2,8774;-0,2730;0,4885;-0,1596;-0,8133;Collision avec Chemin1 - Objet Parent Plot1;False
730,45;70.96;pa010​;20250411_094227;1;TUG2;0,2000;1,3765;2,8832;-0,2841;0,4964;-0,1641;-0,8037;Collision avec Chemin1 - Objet Parent Plot1;False
730,46;70.97;pa010​;20250411_094227;1;TUG2;0,1920;1,3773;2,8897;-0,2960;0,5036;-0,1660;-0,7945;Collision avec Chemin1 - Objet Parent Plot1;False
730,48;70.98;pa010​;20250411_094227;1;TUG2;0,1841;1,3792;2,8959;-0,3042;0,5095;-0,1661;-0,7876;Collision avec Chemin1 - Objet Parent Plot1;False
730,49;71.0;pa010​;20250411_094227;1;TUG2;0,1760;1,3823;2,9022;-0,3080;0,5168;-0,1666;-0,7812;Collision avec Chemin1 - Objet Parent Plot1;False
730,50;71.01;pa010​;20250411_094227;1;TUG2;0,1671;1,3861;2,9083;-0,3050;0,5259;-0,1661;-0,7764;Collision avec Chemin1 - Objet Parent Plot1;False
730,52;71.03;pa010​;20250411_094227;1;TUG2;0,1576;1,3901;2,9142;-0,2963;0,5357;-0,1640;-0,7735;Collision avec Chemin1 - Objet Parent Plot1;False
730,53;71.04;pa010​;20250411_094227;1;TUG2;0,1482;1,3940;2,9195;-0,2862;0,5462;-0,1628;-0,7702;Collision avec Chemin1 - Objet Parent Plot1;False
730,54;71.05;pa010​;20250411_094227;1;TUG2;0,1392;1,3976;2,9242;-0,2774;0,5571;-0,1646;-0,7652;Collision avec Chemin1 - Objet Parent Plot1;False
730,56;71.07;pa010​;20250411_094227;1;TUG2;0,1300;1,4003;2,9279;-0,2691;0,5688;-0,1675;-0,7589;Collision avec Chemin1 - Objet Parent Plot1;False
730,57;71.08;pa010​;20250411_094227;1;TUG2;0,1205;1,4022;2,9310;-0,2624;0,5823;-0,1692;-0,7506;Collision avec Chemin1 - Objet Parent Plot1;False
730,59;71.1;pa010​;20250411_094227;1;TUG2;0,1110;1,4036;2,9338;-0,2578;0,5961;-0,1700;-0,7412;Collision avec Chemin1 - Objet Parent Plot1;False
730,60;71.11;pa010​;20250411_094227;1;TUG2;0,1013;1,4045;2,9362;-0,2539;0,6103;-0,1714;-0,7305;Collision avec Chemin1 - Objet Parent Plot1;False
730,61;71.12;pa010​;20250411_094227;1;TUG2;0,0918;1,4048;2,9383;-0,2509;0,6251;-0,1729;-0,7186;Collision avec Chemin1 - Objet Parent Plot1;False
730,63;71.14;pa010​;20250411_094227;1;TUG2;0,0821;1,4047;2,9401;-0,2491;0,6393;-0,1749;-0,7062;Collision avec Chemin1 - Objet Parent Plot1;False
730,64;71.15;pa010​;20250411_094227;1;TUG2;0,0723;1,4044;2,9420;-0,2466;0,6530;-0,1777;-0,6937;Collision avec Chemin1 - Objet Parent Plot1;False
730,66;71.17;pa010​;20250411_094227;1;TUG2;0,0624;1,4037;2,9439;-0,2426;0,6669;-0,1800;-0,6812;Collision avec Chemin1 - Objet Parent Plot1;False
730,67;71.18;pa010​;20250411_094227;1;TUG2;0,0526;1,4029;2,9455;-0,2389;0,6799;-0,1819;-0,6690;Collision avec Chemin1 - Objet Parent Plot1;False
730,68;71.19;pa010​;20250411_094227;1;TUG2;0,0432;1,4021;2,9467;-0,2353;0,6925;-0,1844;-0,6566;Collision avec Gauche1 - Objet Parent Plot1;False
730,70;71.21;pa010​;20250411_094227;1;TUG2;0,0344;1,4011;2,9476;-0,2312;0,7052;-0,1868;-0,6437;Collision avec Gauche1 - Objet Parent Plot1;False
730,71;71.22;pa010​;20250411_094227;1;TUG2;0,0257;1,4002;2,9484;-0,2281;0,7177;-0,1901;-0,6299;Collision avec Gauche1 - Objet Parent Plot1;False
730,72;71.23;pa010​;20250411_094227;1;TUG2;0,0173;1,3995;2,9491;-0,2257;0,7295;-0,1943;-0,6157;Collision avec Gauche1 - Objet Parent Plot1;False
730,74;71.25;pa010​;20250411_094227;1;TUG2;0,0090;1,3989;2,9498;-0,2229;0,7415;-0,1968;-0,6014;Collision avec Gauche1 - Objet Parent Plot1;False
730,75;71.26;pa010​;20250411_094227;1;TUG2;0,0011;1,3986;2,9500;-0,2185;0,7535;-0,1983;-0,5875;Collision avec Gauche1 - Objet Parent Plot1;False
730,77;71.28;pa010​;20250411_094227;1;TUG2;-0,0064;1,3984;2,9503;-0,2135;0,7664;-0,1985;-0,5724;Collision avec Gauche1 - Objet Parent Plot1;False
730,78;71.29;pa010​;20250411_094227;1;TUG2;-0,0139;1,3983;2,9505;-0,2081;0,7792;-0,1991;-0,5567;Collision avec Gauche1 - Objet Parent Plot1;False
730,80;71.3;pa010​;20250411_094227;1;TUG2;-0,0215;1,3982;2,9507;-0,2016;0,7926;-0,1984;-0,5401;Collision avec Gauche1 - Objet Parent Plot1;False
730,81;71.32;pa010​;20250411_094227;1;TUG2;-0,0296;1,3989;2,9508;-0,1975;0,8051;-0,2007;-0,5221;Collision avec Gauche1 - Objet Parent Plot1;False
730,82;71.33;pa010​;20250411_094227;1;TUG2;-0,0372;1,3989;2,9511;-0,1906;0,8179;-0,1981;-0,5055;Collision avec Gauche1 - Objet Parent Plot1;False
730,84;71.35;pa010​;20250411_094227;1;TUG2;-0,0445;1,3988;2,9516;-0,1867;0,8290;-0,1976;-0,4888;Collision avec Gauche1 - Objet Parent Plot1;False
730,85;71.36;pa010​;20250411_094227;1;TUG2;-0,0524;1,3999;2,9522;-0,1850;0,8391;-0,2016;-0,4702;Collision avec Gauche1 - Objet Parent Plot1;False
730,87;71.37;pa010​;20250411_094227;1;TUG2;-0,0605;1,4009;2,9525;-0,1841;0,8482;-0,2016;-0,4539;;False
730,88;71.39;pa010​;20250411_094227;1;TUG2;-0,0685;1,4023;2,9527;-0,1858;0,8556;-0,2029;-0,4385;;False
730,89;71.4;pa010​;20250411_094227;1;TUG2;-0,0764;1,4037;2,9530;-0,1866;0,8624;-0,2007;-0,4256;;False
730,91;71.42;pa010​;20250411_094227;1;TUG2;-0,0843;1,4051;2,9531;-0,1879;0,8676;-0,1998;-0,4149;;False
730,92;71.43;pa010​;20250411_094227;1;TUG2;-0,0923;1,4069;2,9529;-0,1865;0,8723;-0,2003;-0,4052;;False
730,93;71.44;pa010​;20250411_094227;1;TUG2;-0,1005;1,4086;2,9523;-0,1828;0,8768;-0,2017;-0,3964;;False
730,95;71.46;pa010​;20250411_094227;1;TUG2;-0,1084;1,4104;2,9509;-0,1782;0,8807;-0,2042;-0,3885;;False
730,96;71.47;pa010​;20250411_094227;1;TUG2;-0,1161;1,4120;2,9489;-0,1726;0,8851;-0,2063;-0,3797;;False
730,98;71.48;pa010​;20250411_094227;1;TUG2;-0,1237;1,4137;2,9463;-0,1670;0,8899;-0,2090;-0,3695;;False
730,99;71.5;pa010​;20250411_094227;1;TUG2;-0,1311;1,4153;2,9429;-0,1624;0,8948;-0,2112;-0,3583;;False
731,00;71.51;pa010​;20250411_094227;1;TUG2;-0,1381;1,4166;2,9389;-0,1578;0,9000;-0,2128;-0,3463;;False
731,02;71.53;pa010​;20250411_094227;1;TUG2;-0,1450;1,4174;2,9346;-0,1533;0,9058;-0,2141;-0,3318;;False
731,03;71.54;pa010​;20250411_094227;1;TUG2;-0,1511;1,4181;2,9299;-0,1495;0,9114;-0,2156;-0,3171;;False
731,05;71.55;pa010​;20250411_094227;1;TUG2;-0,1572;1,4183;2,9249;-0,1471;0,9166;-0,2171;-0,3019;;False
731,06;71.57;pa010​;20250411_094227;1;TUG2;-0,1632;1,4184;2,9197;-0,1444;0,9218;-0,2190;-0,2856;;False
731,07;71.58;pa010​;20250411_094227;1;TUG2;-0,1690;1,4182;2,9143;-0,1421;0,9266;-0,2213;-0,2688;;False
731,09;71.6;pa010​;20250411_094227;1;TUG2;-0,1746;1,4180;2,9084;-0,1402;0,9312;-0,2229;-0,2522;;False
731,10;71.61;pa010​;20250411_094227;1;TUG2;-0,1800;1,4177;2,9023;-0,1389;0,9350;-0,2244;-0,2369;;False
731,11;71.62;pa010​;20250411_094227;1;TUG2;-0,1855;1,4173;2,8962;-0,1376;0,9385;-0,2253;-0,2226;;False
731,13;71.64;pa010​;20250411_094227;1;TUG2;-0,1910;1,4172;2,8902;-0,1360;0,9415;-0,2261;-0,2096;;False
731,14;71.65;pa010​;20250411_094227;1;TUG2;-0,1965;1,4172;2,8838;-0,1345;0,9442;-0,2261;-0,1984;;False
731,16;71.67;pa010​;20250411_094227;1;TUG2;-0,2022;1,4175;2,8772;-0,1319;0,9470;-0,2246;-0,1881;;False
731,17;71.68;pa010​;20250411_094227;1;TUG2;-0,2081;1,4179;2,8702;-0,1285;0,9497;-0,2228;-0,1787;;False
731,18;71.69;pa010​;20250411_094227;1;TUG2;-0,2137;1,4183;2,8631;-0,1264;0,9521;-0,2203;-0,1701;;False
731,20;71.71;pa010​;20250411_094227;1;TUG2;-0,2190;1,4184;2,8560;-0,1243;0,9542;-0,2177;-0,1631;;False
731,21;71.72;pa010​;20250411_094227;1;TUG2;-0,2242;1,4187;2,8486;-0,1219;0,9561;-0,2154;-0,1571;;False
731,23;71.73;pa010​;20250411_094227;1;TUG2;-0,2294;1,4186;2,8409;-0,1204;0,9580;-0,2115;-0,1517;;False
731,24;71.75;pa010​;20250411_094227;1;TUG2;-0,2340;1,4186;2,8331;-0,1185;0,9595;-0,2085;-0,1475;;False
731,25;71.76;pa010​;20250411_094227;1;TUG2;-0,2382;1,4183;2,8255;-0,1165;0,9607;-0,2069;-0,1435;;False
731,27;71.78;pa010​;20250411_094227;1;TUG2;-0,2419;1,4184;2,8177;-0,1129;0,9617;-0,2071;-0,1397;;False
731,28;71.79;pa010​;20250411_094227;1;TUG2;-0,2455;1,4185;2,8097;-0,1079;0,9630;-0,2061;-0,1356;;False
731,30;71.8;pa010​;20250411_094227;1;TUG2;-0,2491;1,4191;2,8014;-0,1022;0,9646;-0,2047;-0,1313;;False
731,31;71.82;pa010​;20250411_094227;1;TUG2;-0,2529;1,4204;2,7923;-0,0958;0,9659;-0,2054;-0,1253;;False
731,32;71.83;pa010​;20250411_094227;1;TUG2;-0,2572;1,4225;2,7822;-0,0898;0,9677;-0,2034;-0,1192;;False
731,34;71.85;pa010​;20250411_094227;1;TUG2;-0,2613;1,4236;2,7717;-0,0852;0,9709;-0,1925;-0,1140;;False
731,35;71.86;pa010​;20250411_094227;1;TUG2;-0,2649;1,4239;2,7628;-0,0801;0,9740;-0,1833;-0,1064;;False
731,37;71.87;pa010​;20250411_094227;1;TUG2;-0,2683;1,4233;2,7547;-0,0776;0,9758;-0,1794;-0,0984;;False
731,38;71.89;pa010​;20250411_094227;1;TUG2;-0,2725;1,4232;2,7471;-0,0771;0,9757;-0,1841;-0,0900;;False
731,39;71.9;pa010​;20250411_094227;1;TUG2;-0,2773;1,4235;2,7394;-0,0785;0,9749;-0,1911;-0,0833;;False
731,41;71.92;pa010​;20250411_094227;1;TUG2;-0,2825;1,4243;2,7309;-0,0798;0,9746;-0,1946;-0,0774;;False
731,42;71.93;pa010​;20250411_094227;1;TUG2;-0,2878;1,4255;2,7224;-0,0808;0,9744;-0,1970;-0,0720;;False
731,43;71.94;pa010​;20250411_094227;1;TUG2;-0,2933;1,4267;2,7140;-0,0822;0,9740;-0,2005;-0,0667;;False
731,45;71.96;pa010​;20250411_094227;1;TUG2;-0,2990;1,4278;2,7056;-0,0822;0,9736;-0,2040;-0,0618;;False
731,46;71.97;pa010​;20250411_094227;1;TUG2;-0,3049;1,4294;2,6968;-0,0812;0,9734;-0,2062;-0,0581;;False
731,48;71.98;pa010​;20250411_094227;1;TUG2;-0,3109;1,4306;2,6879;-0,0810;0,9737;-0,2056;-0,0554;;False
731,49;72.0;pa010​;20250411_094227;1;TUG2;-0,3169;1,4316;2,6788;-0,0813;0,9736;-0,2063;-0,0536;;False
731,50;72.01;pa010​;20250411_094227;1;TUG2;-0,3230;1,4322;2,6695;-0,0811;0,9735;-0,2075;-0,0514;;False
731,52;72.03;pa010​;20250411_094227;1;TUG2;-0,3288;1,4323;2,6601;-0,0804;0,9736;-0,2079;-0,0498;;False
731,53;72.04;pa010​;20250411_094227;1;TUG2;-0,3345;1,4321;2,6505;-0,0794;0,9737;-0,2082;-0,0484;;False
731,55;72.05;pa010​;20250411_094227;1;TUG2;-0,3402;1,4316;2,6408;-0,0775;0,9738;-0,2084;-0,0471;;False
731,56;72.07;pa010​;20250411_094227;1;TUG2;-0,3461;1,4306;2,6306;-0,0748;0,9740;-0,2091;-0,0451;;False
731,57;72.08;pa010​;20250411_094227;1;TUG2;-0,3521;1,4293;2,6202;-0,0731;0,9741;-0,2097;-0,0433;;False
731,59;72.1;pa010​;20250411_094227;1;TUG2;-0,3580;1,4278;2,6095;-0,0722;0,9740;-0,2106;-0,0417;;False
731,60;72.11;pa010​;20250411_094227;1;TUG2;-0,3641;1,4260;2,5984;-0,0714;0,9740;-0,2114;-0,0394;;False
731,62;72.12;pa010​;20250411_094227;1;TUG2;-0,3703;1,4241;2,5871;-0,0711;0,9741;-0,2114;-0,0366;;False
731,63;72.14;pa010​;20250411_094227;1;TUG2;-0,3767;1,4222;2,5756;-0,0713;0,9743;-0,2112;-0,0331;;False
731,64;72.15;pa010​;20250411_094227;1;TUG2;-0,3830;1,4200;2,5645;-0,0727;0,9743;-0,2113;-0,0302;;False
731,66;72.17;pa010​;20250411_094227;1;TUG2;-0,3895;1,4181;2,5535;-0,0734;0,9741;-0,2119;-0,0277;;False
731,67;72.18;pa010​;20250411_094227;1;TUG2;-0,3962;1,4165;2,5423;-0,0726;0,9743;-0,2116;-0,0257;;False
731,68;72.19;pa010​;20250411_094227;1;TUG2;-0,4032;1,4154;2,5308;-0,0720;0,9747;-0,2101;-0,0243;;False
731,70;72.21;pa010​;20250411_094227;1;TUG2;-0,4102;1,4146;2,5194;-0,0710;0,9755;-0,2069;-0,0237;;False
731,71;72.22;pa010​;20250411_094227;1;TUG2;-0,4172;1,4140;2,5082;-0,0694;0,9763;-0,2035;-0,0228;;False
731,73;72.24;pa010​;20250411_094227;1;TUG2;-0,4242;1,4138;2,4972;-0,0674;0,9770;-0,2012;-0,0206;;False
731,74;72.25;pa010​;20250411_094227;1;TUG2;-0,4313;1,4143;2,4856;-0,0644;0,9777;-0,1990;-0,0174;;False
731,75;72.26;pa010​;20250411_094227;1;TUG2;-0,4386;1,4151;2,4736;-0,0618;0,9789;-0,1943;-0,0135;;False
731,77;72.28;pa010​;20250411_094227;1;TUG2;-0,4462;1,4173;2,4601;-0,0592;0,9793;-0,1934;-0,0083;;False
731,78;72.29;pa010​;20250411_094227;1;TUG2;-0,4540;1,4192;2,4463;-0,0577;0,9809;-0,1858;-0,0039;;False
731,80;72.31;pa010​;20250411_094227;1;TUG2;-0,4621;1,4211;2,4326;-0,0573;0,9823;-0,1786;0,0004;;False
731,81;72.32;pa010​;20250411_094227;1;TUG2;-0,4703;1,4234;2,4189;-0,0577;0,9826;-0,1765;0,0042;;False
731,82;72.33;pa010​;20250411_094227;1;TUG2;-0,4788;1,4256;2,4047;-0,0599;0,9825;-0,1761;0,0068;;False
731,84;72.35;pa010​;20250411_094227;1;TUG2;-0,4871;1,4278;2,3905;-0,0624;0,9823;-0,1765;0,0087;;False
731,85;72.36;pa010​;20250411_094227;1;TUG2;-0,4947;1,4298;2,3764;-0,0638;0,9820;-0,1777;0,0099;;False
731,87;72.37;pa010​;20250411_094227;1;TUG2;-0,5015;1,4317;2,3625;-0,0642;0,9817;-0,1790;0,0108;;False
731,88;72.39;pa010​;20250411_094227;1;TUG2;-0,5076;1,4338;2,3483;-0,0627;0,9813;-0,1818;0,0122;;False
731,89;72.4;pa010​;20250411_094227;1;TUG2;-0,5134;1,4360;2,3335;-0,0606;0,9812;-0,1827;0,0138;;False
731,91;72.42;pa010​;20250411_094227;1;TUG2;-0,5185;1,4378;2,3187;-0,0580;0,9814;-0,1822;0,0156;;False
731,92;72.43;pa010​;20250411_094227;1;TUG2;-0,5231;1,4394;2,3039;-0,0551;0,9815;-0,1824;0,0179;;False
731,93;72.44;pa010​;20250411_094227;1;TUG2;-0,5271;1,4409;2,2891;-0,0524;0,9813;-0,1839;0,0209;;False
731,95;72.46;pa010​;20250411_094227;1;TUG2;-0,5308;1,4428;2,2737;-0,0510;0,9808;-0,1866;0,0248;;False
731,96;72.47;pa010​;20250411_094227;1;TUG2;-0,5341;1,4447;2,2581;-0,0504;0,9804;-0,1884;0,0290;;False
731,98;72.48;pa010​;20250411_094227;1;TUG2;-0,5369;1,4463;2,2425;-0,0492;0,9802;-0,1889;0,0338;;False
731,99;72.5;pa010​;20250411_094227;1;TUG2;-0,5395;1,4473;2,2272;-0,0484;0,9799;-0,1897;0,0393;;False
732,00;72.51;pa010​;20250411_094227;1;TUG2;-0,5416;1,4481;2,2119;-0,0471;0,9796;-0,1901;0,0441;;False
732,02;72.53;pa010​;20250411_094227;1;TUG2;-0,5436;1,4485;2,1964;-0,0456;0,9794;-0,1905;0,0490;;False
732,03;72.54;pa010​;20250411_094227;1;TUG2;-0,5455;1,4486;2,1809;-0,0436;0,9793;-0,1903;0,0533;;False
732,04;72.55;pa010​;20250411_094227;1;TUG2;-0,5473;1,4483;2,1655;-0,0412;0,9792;-0,1900;0,0574;;False
732,06;72.57;pa010​;20250411_094227;1;TUG2;-0,5488;1,4477;2,1502;-0,0388;0,9791;-0,1897;0,0620;;False
732,07;72.58;pa010​;20250411_094227;1;TUG2;-0,5500;1,4470;2,1348;-0,0371;0,9788;-0,1901;0,0664;;False
732,09;72.6;pa010​;20250411_094227;1;TUG2;-0,5512;1,4460;2,1193;-0,0352;0,9785;-0,1902;0,0710;;False
732,10;72.61;pa010​;20250411_094227;1;TUG2;-0,5525;1,4449;2,1035;-0,0339;0,9783;-0,1901;0,0750;;False
732,11;72.62;pa010​;20250411_094227;1;TUG2;-0,5535;1,4436;2,0877;-0,0326;0,9781;-0,1897;0,0791;;False
732,13;72.64;pa010​;20250411_094227;1;TUG2;-0,5541;1,4423;2,0721;-0,0312;0,9780;-0,1893;0,0818;;False
732,14;72.65;pa010​;20250411_094227;1;TUG2;-0,5545;1,4410;2,0563;-0,0292;0,9780;-0,1889;0,0840;;False
732,16;72.67;pa010​;20250411_094227;1;TUG2;-0,5548;1,4394;2,0405;-0,0261;0,9783;-0,1867;0,0856;;False
732,17;72.68;pa010​;20250411_094227;1;TUG2;-0,5549;1,4379;2,0248;-0,0227;0,9786;-0,1850;0,0871;;False
732,18;72.69;pa010​;20250411_094227;1;TUG2;-0,5546;1,4362;2,0094;-0,0193;0,9789;-0,1836;0,0877;;False
732,20;72.71;pa010​;20250411_094227;1;TUG2;-0,5537;1,4345;1,9945;-0,0161;0,9790;-0,1831;0,0877;;False
732,21;72.72;pa010​;20250411_094227;1;TUG2;-0,5525;1,4332;1,9793;-0,0130;0,9790;-0,1832;0,0881;;False
732,23;72.74;pa010​;20250411_094227;1;TUG2;-0,5508;1,4325;1,9639;-0,0095;0,9790;-0,1834;0,0882;;False
732,24;72.75;pa010​;20250411_094227;1;TUG2;-0,5486;1,4322;1,9484;-0,0062;0,9792;-0,1823;0,0888;;False
732,25;72.76;pa010​;20250411_094227;1;TUG2;-0,5461;1,4321;1,9328;-0,0031;0,9797;-0,1787;0,0904;;False
732,27;72.78;pa010​;20250411_094227;1;TUG2;-0,5432;1,4325;1,9170;0,0010;0,9804;-0,1740;0,0928;;False
732,28;72.79;pa010​;20250411_094227;1;TUG2;-0,5402;1,4336;1,9004;0,0041;0,9809;-0,1695;0,0951;;False
732,30;72.8;pa010​;20250411_094227;1;TUG2;-0,5370;1,4353;1,8835;0,0059;0,9814;-0,1658;0,0967;;False
732,31;72.82;pa010​;20250411_094227;1;TUG2;-0,5336;1,4368;1,8670;0,0074;0,9821;-0,1614;0,0974;;False
732,32;72.83;pa010​;20250411_094227;1;TUG2;-0,5304;1,4389;1,8503;0,0092;0,9818;-0,1617;0,0991;;False
732,34;72.85;pa010​;20250411_094227;1;TUG2;-0,5273;1,4406;1,8339;0,0109;0,9821;-0,1591;0,1007;;False
732,35;72.86;pa010​;20250411_094227;1;TUG2;-0,5247;1,4411;1,8183;0,0124;0,9824;-0,1552;0,1030;;False
732,36;72.87;pa010​;20250411_094227;1;TUG2;-0,5231;1,4416;1,8036;0,0143;0,9816;-0,1579;0,1063;;False
732,38;72.89;pa010​;20250411_094227;1;TUG2;-0,5219;1,4429;1,7888;0,0155;0,9798;-0,1672;0,1084;;False
732,39;72.9;pa010​;20250411_094227;1;TUG2;-0,5208;1,4441;1,7738;0,0139;0,9786;-0,1737;0,1096;;False
732,41;72.92;pa010​;20250411_094227;1;TUG2;-0,5198;1,4461;1,7583;0,0117;0,9776;-0,1782;0,1116;;False
732,42;72.93;pa010​;20250411_094227;1;TUG2;-0,5190;1,4477;1,7426;0,0090;0,9772;-0,1789;0,1144;;False
732,44;72.94;pa010​;20250411_094227;1;TUG2;-0,5183;1,4496;1,7267;0,0073;0,9761;-0,1826;0,1174;;False
732,45;72.96;pa010​;20250411_094227;1;TUG2;-0,5175;1,4515;1,7109;0,0059;0,9751;-0,1868;0,1197;;False
732,46;72.97;pa010​;20250411_094227;1;TUG2;-0,5167;1,4532;1,6952;0,0061;0,9741;-0,1906;0,1215;;False
732,48;72.98;pa010​;20250411_094227;1;TUG2;-0,5158;1,4544;1,6795;0,0065;0,9731;-0,1943;0,1236;;False
732,49;73.0;pa010​;20250411_094227;1;TUG2;-0,5151;1,4552;1,6635;0,0068;0,9718;-0,1984;0,1270;;False
732,50;73.01;pa010​;20250411_094227;1;TUG2;-0,5143;1,4554;1,6478;0,0066;0,9706;-0,2024;0,1302;;False
732,52;73.03;pa010​;20250411_094227;1;TUG2;-0,5133;1,4553;1,6321;0,0056;0,9693;-0,2067;0,1327;;False
732,53;73.04;pa010​;20250411_094227;1;TUG2;-0,5121;1,4549;1,6164;0,0045;0,9683;-0,2111;0,1336;;False
732,55;73.05;pa010​;20250411_094227;1;TUG2;-0,5111;1,4542;1,6006;0,0040;0,9673;-0,2149;0,1344;;False
732,56;73.07;pa010​;20250411_094227;1;TUG2;-0,5102;1,4531;1,5846;0,0045;0,9667;-0,2175;0,1346;;False
732,57;73.08;pa010​;20250411_094227;1;TUG2;-0,5093;1,4516;1,5685;0,0060;0,9662;-0,2199;0,1342;;False
732,59;73.1;pa010​;20250411_094227;1;TUG2;-0,5083;1,4498;1,5523;0,0085;0,9658;-0,2220;0,1337;;False
732,60;73.11;pa010​;20250411_094227;1;TUG2;-0,5071;1,4477;1,5360;0,0104;0,9653;-0,2241;0,1334;;False
732,62;73.12;pa010​;20250411_094227;1;TUG2;-0,5057;1,4452;1,5194;0,0117;0,9650;-0,2256;0,1333;;False
732,63;73.14;pa010​;20250411_094227;1;TUG2;-0,5044;1,4427;1,5023;0,0131;0,9649;-0,2255;0,1339;;False
732,64;73.15;pa010​;20250411_094227;1;TUG2;-0,5029;1,4401;1,4851;0,0137;0,9651;-0,2241;0,1349;;False
732,66;73.17;pa010​;20250411_094227;1;TUG2;-0,5015;1,4373;1,4683;0,0135;0,9653;-0,2224;0,1361;;False
732,67;73.18;pa010​;20250411_094227;1;TUG2;-0,5000;1,4341;1,4517;0,0141;0,9650;-0,2222;0,1388;;False
732,68;73.19;pa010​;20250411_094227;1;TUG2;-0,4985;1,4311;1,4353;0,0153;0,9641;-0,2233;0,1426;;False
732,70;73.21;pa010​;20250411_094227;1;TUG2;-0,4971;1,4283;1,4189;0,0159;0,9631;-0,2249;0,1467;;False
732,71;73.22;pa010​;20250411_094227;1;TUG2;-0,4959;1,4258;1,4024;0,0164;0,9623;-0,2259;0,1504;;False
732,73;73.23;pa010​;20250411_094227;1;TUG2;-0,4951;1,4235;1,3860;0,0164;0,9619;-0,2253;0,1539;;False
732,74;73.25;pa010​;20250411_094227;1;TUG2;-0,4944;1,4215;1,3696;0,0166;0,9616;-0,2246;0,1567;;False
732,75;73.26;pa010​;20250411_094227;1;TUG2;-0,4940;1,4205;1,3529;0,0163;0,9612;-0,2248;0,1591;;False
732,77;73.28;pa010​;20250411_094227;1;TUG2;-0,4936;1,4198;1,3359;0,0162;0,9614;-0,2223;0,1616;;False
732,78;73.29;pa010​;20250411_094227;1;TUG2;-0,4928;1,4208;1,3179;0,0179;0,9600;-0,2256;0,1649;;False
732,80;73.3;pa010​;20250411_094227;1;TUG2;-0,4919;1,4218;1,2997;0,0186;0,9609;-0,2180;0,1698;;False
732,81;73.32;pa010​;20250411_094227;1;TUG2;-0,4910;1,4225;1,2815;0,0163;0,9614;-0,2126;0,1739;;False
732,82;73.33;pa010​;20250411_094227;1;TUG2;-0,4901;1,4241;1,2636;0,0148;0,9611;-0,2125;0,1758;;False
732,84;73.35;pa010​;20250411_094227;1;TUG2;-0,4892;1,4249;1,2460;0,0128;0,9613;-0,2104;0,1773;;False
732,85;73.36;pa010​;20250411_094227;1;TUG2;-0,4881;1,4256;1,2291;0,0117;0,9612;-0,2109;0,1773;;False
732,86;73.37;pa010​;20250411_094227;1;TUG2;-0,4864;1,4264;1,2129;0,0110;0,9608;-0,2137;0,1761;;False
732,88;73.39;pa010​;20250411_094227;1;TUG2;-0,4839;1,4275;1,1965;0,0126;0,9599;-0,2183;0,1755;;False
732,89;73.4;pa010​;20250411_094227;1;TUG2;-0,4809;1,4285;1,1802;0,0155;0,9594;-0,2202;0,1757;;False
732,91;73.42;pa010​;20250411_094227;1;TUG2;-0,4772;1,4298;1,1641;0,0192;0,9588;-0,2220;0,1761;;False
732,92;73.43;pa010​;20250411_094227;1;TUG2;-0,4732;1,4306;1,1483;0,0226;0,9582;-0,2235;0,1770;;False
732,93;73.44;pa010​;20250411_094227;1;TUG2;-0,4689;1,4319;1,1326;0,0266;0,9571;-0,2275;0,1776;;False
732,95;73.46;pa010​;20250411_094227;1;TUG2;-0,4641;1,4333;1,1167;0,0310;0,9558;-0,2316;0,1784;;False
732,96;73.47;pa010​;20250411_094227;1;TUG2;-0,4593;1,4347;1,1007;0,0344;0,9547;-0,2350;0,1796;;False
732,98;73.48;pa010​;20250411_094227;1;TUG2;-0,4543;1,4359;1,0852;0,0379;0,9535;-0,2382;0,1806;;False
732,99;73.5;pa010​;20250411_094227;1;TUG2;-0,4490;1,4369;1,0699;0,0412;0,9521;-0,2422;0,1820;;False
733,00;73.51;pa010​;20250411_094227;1;TUG2;-0,4434;1,4374;1,0550;0,0438;0,9509;-0,2456;0,1833;;False
733,02;73.53;pa010​;20250411_094227;1;TUG2;-0,4376;1,4377;1,0400;0,0464;0,9497;-0,2485;0,1850;;False
733,03;73.54;pa010​;20250411_094227;1;TUG2;-0,4315;1,4375;1,0252;0,0492;0,9485;-0,2509;0,1871;;False
733,05;73.55;pa010​;20250411_094227;1;TUG2;-0,4253;1,4370;1,0107;0,0529;0,9469;-0,2534;0,1908;;False
733,06;73.57;pa010​;20250411_094227;1;TUG2;-0,4189;1,4359;0,9967;0,0560;0,9451;-0,2563;0,1947;;False
733,07;73.58;pa010​;20250411_094227;1;TUG2;-0,4123;1,4346;0,9826;0,0596;0,9427;-0,2608;0,1994;;False
733,09;73.6;pa010​;20250411_094227;1;TUG2;-0,4056;1,4328;0,9685;0,0627;0,9406;-0,2647;0,2034;;False
733,10;73.61;pa010​;20250411_094227;1;TUG2;-0,3987;1,4309;0,9545;0,0654;0,9389;-0,2674;0,2067;;False
733,11;73.62;pa010​;20250411_094227;1;TUG2;-0,3919;1,4292;0,9404;0,0678;0,9373;-0,2703;0,2093;;False
733,13;73.64;pa010​;20250411_094227;1;TUG2;-0,3848;1,4274;0,9266;0,0704;0,9363;-0,2717;0,2112;;False
733,14;73.65;pa010​;20250411_094227;1;TUG2;-0,3775;1,4253;0,9126;0,0733;0,9353;-0,2729;0,2131;;False
733,16;73.67;pa010​;20250411_094227;1;TUG2;-0,3699;1,4228;0,8987;0,0761;0,9345;-0,2735;0,2149;;False
733,17;73.68;pa010​;20250411_094227;1;TUG2;-0,3621;1,4201;0,8852;0,0790;0,9337;-0,2741;0,2163;;False
733,18;73.69;pa010​;20250411_094227;1;TUG2;-0,3539;1,4172;0,8720;0,0818;0,9327;-0,2756;0,2178;;False
733,20;73.71;pa010​;20250411_094227;1;TUG2;-0,3453;1,4144;0,8592;0,0852;0,9316;-0,2770;0,2195;;False
733,21;73.72;pa010​;20250411_094227;1;TUG2;-0,3364;1,4114;0,8466;0,0888;0,9307;-0,2779;0,2207;;False
733,23;73.73;pa010​;20250411_094227;1;TUG2;-0,3272;1,4088;0,8343;0,0935;0,9293;-0,2795;0,2225;;False
733,24;73.75;pa010​;20250411_094227;1;TUG2;-0,3172;1,4066;0,8220;0,0993;0,9278;-0,2814;0,2241;;False
733,25;73.76;pa010​;20250411_094227;1;TUG2;-0,3070;1,4044;0,8099;0,1044;0,9269;-0,2811;0,2258;;False
733,27;73.78;pa010​;20250411_094227;1;TUG2;-0,2964;1,4028;0,7976;0,1097;0,9263;-0,2799;0,2273;;False
733,28;73.79;pa010​;20250411_094227;1;TUG2;-0,2856;1,4008;0,7853;0,1149;0,9261;-0,2767;0,2294;;False
733,30;73.8;pa010​;20250411_094227;1;TUG2;-0,2746;1,3991;0,7732;0,1203;0,9257;-0,2737;0,2317;;False
733,31;73.82;pa010​;20250411_094227;1;TUG2;-0,2633;1,3979;0,7607;0,1246;0,9252;-0,2710;0,2347;;False
733,32;73.83;pa010​;20250411_094227;1;TUG2;-0,2524;1,3958;0,7486;0,1273;0,9256;-0,2646;0,2387;;False
733,34;73.85;pa010​;20250411_094227;1;TUG2;-0,2411;1,3948;0,7362;0,1314;0,9244;-0,2637;0,2422;;False
733,35;73.86;pa010​;20250411_094227;1;TUG2;-0,2299;1,3934;0,7233;0,1326;0,9244;-0,2604;0,2452;;False
733,36;73.87;pa010​;20250411_094227;1;TUG2;-0,2191;1,3915;0,7111;0,1360;0,9232;-0,2579;0,2502;;False
733,38;73.89;pa010​;20250411_094227;1;TUG2;-0,2091;1,3898;0,6996;0,1416;0,9201;-0,2592;0,2574;;False
733,39;73.9;pa010​;20250411_094227;1;TUG2;-0,1998;1,3878;0,6883;0,1479;0,9154;-0,2630;0,2662;;False
733,41;73.92;pa010​;20250411_094227;1;TUG2;-0,1913;1,3861;0,6771;0,1530;0,9102;-0,2700;0,2744;;False
733,42;73.93;pa010​;20250411_094227;1;TUG2;-0,1832;1,3849;0,6656;0,1565;0,9051;-0,2777;0,2813;;False
733,43;73.94;pa010​;20250411_094227;1;TUG2;-0,1755;1,3845;0,6537;0,1579;0,9009;-0,2844;0,2874;;False
733,45;73.96;pa010​;20250411_094227;1;TUG2;-0,1679;1,3848;0,6420;0,1575;0,8978;-0,2890;0,2925;;False
733,46;73.97;pa010​;20250411_094227;1;TUG2;-0,1603;1,3857;0,6311;0,1564;0,8953;-0,2930;0,2970;;False
733,48;73.98;pa010​;20250411_094227;1;TUG2;-0,1526;1,3868;0,6205;0,1556;0,8928;-0,2960;0,3019;;False
733,49;74.0;pa010​;20250411_094227;1;TUG2;-0,1447;1,3882;0,6102;0,1559;0,8904;-0,2972;0,3073;;False
733,50;74.01;pa010​;20250411_094227;1;TUG2;-0,1364;1,3898;0,6002;0,1575;0,8881;-0,2963;0,3141;;False
733,52;74.03;pa010​;20250411_094227;1;TUG2;-0,1276;1,3915;0,5908;0,1606;0,8855;-0,2939;0,3220;;False
733,53;74.04;pa010​;20250411_094227;1;TUG2;-0,1189;1,3929;0,5820;0,1645;0,8823;-0,2910;0,3315;;False
733,55;74.05;pa010​;20250411_094227;1;TUG2;-0,1102;1,3941;0,5736;0,1683;0,8787;-0,2884;0,3412;;False
733,56;74.07;pa010​;20250411_094227;1;TUG2;-0,1014;1,3949;0,5656;0,1715;0,8748;-0,2867;0,3509;;False
733,57;74.08;pa010​;20250411_094227;1;TUG2;-0,0927;1,3953;0,5578;0,1743;0,8705;-0,2857;0,3608;;False
733,59;74.1;pa010​;20250411_094227;1;TUG2;-0,0840;1,3952;0,5501;0,1770;0,8657;-0,2858;0,3708;;False
733,60;74.11;pa010​;20250411_094227;1;TUG2;-0,0751;1,3949;0,5424;0,1799;0,8609;-0,2856;0,3808;;False
733,61;74.12;pa010​;20250411_094227;1;TUG2;-0,0660;1,3940;0,5349;0,1825;0,8563;-0,2847;0,3904;;False
733,63;74.14;pa010​;20250411_094227;1;TUG2;-0,0569;1,3926;0,5274;0,1857;0,8516;-0,2842;0,3993;;False
733,64;74.15;pa010​;20250411_094227;1;TUG2;-0,0477;1,3908;0,5201;0,1901;0,8468;-0,2842;0,4075;;False
733,66;74.17;pa010​;20250411_094227;1;TUG2;-0,0387;1,3886;0,5128;0,1961;0,8415;-0,2844;0,4153;;False
733,67;74.18;pa010​;20250411_094227;1;TUG2;-0,0297;1,3861;0,5055;0,2029;0,8360;-0,2852;0,4227;;False
733,68;74.19;pa010​;20250411_094227;1;TUG2;-0,0204;1,3832;0,4985;0,2101;0,8303;-0,2859;0,4298;;False
733,70;74.21;pa010​;20250411_094227;1;TUG2;-0,0111;1,3802;0,4917;0,2176;0,8244;-0,2865;0,4370;;False
733,71;74.22;pa010​;20250411_094227;1;TUG2;-0,0015;1,3773;0,4849;0,2247;0,8182;-0,2863;0,4450;;False
733,73;74.24;pa010​;20250411_094227;1;TUG2;0,0082;1,3743;0,4780;0,2300;0,8123;-0,2850;0,4539;;False
733,74;74.25;pa010​;20250411_094227;1;TUG2;0,0182;1,3712;0,4717;0,2355;0,8065;-0,2833;0,4625;;False
733,75;74.26;pa010​;20250411_094227;1;TUG2;0,0278;1,3677;0,4656;0,2418;0,7996;-0,2820;0,4719;;False
733,77;74.28;pa010​;20250411_094227;1;TUG2;0,0376;1,3643;0,4599;0,2494;0,7919;-0,2818;0,4809;;False
733,78;74.29;pa010​;20250411_094227;1;TUG2;0,0477;1,3609;0,4538;0,2571;0,7834;-0,2818;0,4907;;False
733,80;74.31;pa010​;20250411_094227;1;TUG2;0,0578;1,3572;0,4480;0,2637;0,7749;-0,2812;0,5009;;False
733,81;74.32;pa010​;20250411_094227;1;TUG2;0,0680;1,3534;0,4422;0,2702;0,7661;-0,2799;0,5116;;False
733,82;74.33;pa010​;20250411_094227;1;TUG2;0,0782;1,3491;0,4364;0,2766;0,7570;-0,2771;0,5231;;False
733,84;74.35;pa010​;20250411_094227;1;TUG2;0,0884;1,3450;0,4308;0,2835;0,7477;-0,2752;0,5337;;False
733,85;74.36;pa010​;20250411_094227;1;TUG2;0,0979;1,3408;0,4251;0,2901;0,7384;-0,2716;0,5448;;False
733,87;74.37;pa010​;20250411_094227;1;TUG2;0,1075;1,3374;0,4196;0,2994;0,7279;-0,2705;0,5544;;False
733,88;74.39;pa010​;20250411_094227;1;TUG2;0,1167;1,3336;0,4144;0,3076;0,7175;-0,2670;0,5650;;False
733,89;74.4;pa010​;20250411_094227;1;TUG2;0,1261;1,3305;0,4095;0,3173;0,7061;-0,2648;0,5750;;False
733,91;74.42;pa010​;20250411_094227;1;TUG2;0,1365;1,3286;0,4043;0,3276;0,6928;-0,2638;0,5857;;False
733,92;74.43;pa010​;20250411_094227;1;TUG2;0,1464;1,3263;0,3994;0,3330;0,6812;-0,2600;0,5979;;False
733,93;74.44;pa010​;20250411_094227;1;TUG2;0,1553;1,3247;0,3950;0,3354;0,6705;-0,2606;0,6082;;False
733,95;74.46;pa010​;20250411_094227;1;TUG2;0,1633;1,3225;0,3908;0,3342;0,6631;-0,2632;0,6159;;False
733,96;74.47;pa010​;20250411_094227;1;TUG2;0,1712;1,3206;0,3869;0,3353;0,6560;-0,2661;0,6216;;False
733,98;74.49;pa010​;20250411_094227;1;TUG2;0,1786;1,3190;0,3834;0,3412;0,6470;-0,2664;0,6277;;False
733,99;74.5;pa010​;20250411_094227;1;TUG2;0,1855;1,3179;0,3805;0,3495;0,6368;-0,2663;0,6336;;False
734,00;74.51;pa010​;20250411_094227;1;TUG2;0,1921;1,3167;0,3785;0,3582;0,6267;-0,2651;0,6393;;False
734,02;74.53;pa010​;20250411_094227;1;TUG2;0,1985;1,3157;0,3767;0,3644;0,6177;-0,2633;0,6452;;False
734,03;74.54;pa010​;20250411_094227;1;TUG2;0,2048;1,3147;0,3754;0,3705;0,6090;-0,2610;0,6509;;False
734,05;74.55;pa010​;20250411_094227;1;TUG2;0,2109;1,3137;0,3745;0,3750;0,6004;-0,2581;0,6575;;False
734,06;74.57;pa010​;20250411_094227;1;TUG2;0,2162;1,3125;0,3741;0,3776;0,5925;-0,2560;0,6639;;False
734,07;74.58;pa010​;20250411_094227;1;TUG2;0,2211;1,3112;0,3741;0,3800;0,5845;-0,2556;0,6698;;False
734,09;74.6;pa010​;20250411_094227;1;TUG2;0,2253;1,3093;0,3746;0,3830;0,5756;-0,2546;0,6761;;False
734,10;74.61;pa010​;20250411_094227;1;TUG2;0,2290;1,3071;0,3754;0,3864;0,5659;-0,2532;0,6829;;False
734,11;74.62;pa010​;20250411_094227;1;TUG2;0,2318;1,3046;0,3763;0,3899;0,5564;-0,2511;0,6895;;False
734,13;74.64;pa010​;20250411_094227;1;TUG2;0,2340;1,3021;0,3771;0,3941;0,5477;-0,2494;0,6946;;False
734,14;74.65;pa010​;20250411_094227;1;TUG2;0,2357;1,2998;0,3779;0,4005;0,5378;-0,2495;0,6986;;False
734,16;74.67;pa010​;20250411_094227;1;TUG2;0,2366;1,2973;0,3791;0,4078;0,5278;-0,2483;0,7024;;False
734,17;74.68;pa010​;20250411_094227;1;TUG2;0,2375;1,2949;0,3804;0,4147;0,5179;-0,2473;0,7062;;False
734,18;74.69;pa010​;20250411_094227;1;TUG2;0,2382;1,2927;0,3820;0,4204;0,5085;-0,2456;0,7102;;False
734,20;74.71;pa010​;20250411_094227;1;TUG2;0,2389;1,2905;0,3838;0,4243;0,5003;-0,2436;0,7144;;False
734,21;74.72;pa010​;20250411_094227;1;TUG2;0,2394;1,2882;0,3858;0,4267;0,4927;-0,2413;0,7190;;False
734,23;74.73;pa010​;20250411_094227;1;TUG2;0,2397;1,2857;0,3880;0,4283;0,4852;-0,2386;0,7240;;False
734,24;74.75;pa010​;20250411_094227;1;TUG2;0,2399;1,2828;0,3903;0,4293;0,4771;-0,2361;0,7296;;False
734,25;74.76;pa010​;20250411_094227;1;TUG2;0,2402;1,2791;0,3928;0,4298;0,4691;-0,2338;0,7352;;False
734,27;74.78;pa010​;20250411_094227;1;TUG2;0,2400;1,2746;0,3952;0,4288;0,4621;-0,2321;0,7407;;False
734,28;74.79;pa010​;20250411_094227;1;TUG2;0,2396;1,2697;0,3976;0,4287;0,4542;-0,2305;0,7462;;False
734,30;74.81;pa010​;20250411_094227;1;TUG2;0,2395;1,2644;0,3999;0,4301;0,4464;-0,2299;0,7502;;False
734,31;74.82;pa010​;20250411_094227;1;TUG2;0,2397;1,2587;0,4020;0,4305;0,4401;-0,2284;0,7542;;False
734,32;74.83;pa010​;20250411_094227;1;TUG2;0,2403;1,2522;0,4039;0,4305;0,4343;-0,2255;0,7584;;False
734,34;74.85;pa010​;20250411_094227;1;TUG2;0,2411;1,2452;0,4059;0,4322;0,4286;-0,2232;0,7614;;False
734,35;74.86;pa010​;20250411_094227;1;TUG2;0,2415;1,2372;0,4080;0,4329;0,4236;-0,2216;0,7643;;False
734,36;74.87;pa010​;20250411_094227;1;TUG2;0,2416;1,2283;0,4102;0,4346;0,4169;-0,2204;0,7673;;False
734,38;74.89;pa010​;20250411_094227;1;TUG2;0,2412;1,2187;0,4122;0,4369;0,4094;-0,2202;0,7701;;False
734,39;74.9;pa010​;20250411_094227;1;TUG2;0,2406;1,2094;0,4141;0,4416;0,4002;-0,2207;0,7721;;False
734,41;74.92;pa010​;20250411_094227;1;TUG2;0,2401;1,2003;0,4161;0,4461;0,3913;-0,2215;0,7738;;False
734,42;74.93;pa010​;20250411_094227;1;TUG2;0,2396;1,1912;0,4186;0,4504;0,3831;-0,2208;0,7756;;False
734,43;74.94;pa010​;20250411_094227;1;TUG2;0,2395;1,1823;0,4210;0,4556;0,3734;-0,2189;0,7779;;False
734,45;74.96;pa010​;20250411_094227;1;TUG2;0,2397;1,1735;0,4233;0,4608;0,3632;-0,2161;0,7805;;False
